p cnf 396 4349
-1 -2 0
-1 -3 0
-2 -3 0
1 2 3  0
-4 -5 0
-4 -6 0
-5 -6 0
4 5 6  0
7 0
28 0
49 0
70 0
91 0
112 0
133 0
154 0
175 0
196 0
-7 -8 0
-7 -9 0
-7 -10 0
-7 -11 0
-7 -12 0
-7 -13 0
-7 -14 0
-7 -15 0
-7 -16 0
-8 -9 0
-8 -10 0
-8 -11 0
-8 -12 0
-8 -13 0
-8 -14 0
-8 -15 0
-8 -16 0
-9 -10 0
-9 -11 0
-9 -12 0
-9 -13 0
-9 -14 0
-9 -15 0
-9 -16 0
-10 -11 0
-10 -12 0
-10 -13 0
-10 -14 0
-10 -15 0
-10 -16 0
-11 -12 0
-11 -13 0
-11 -14 0
-11 -15 0
-11 -16 0
-12 -13 0
-12 -14 0
-12 -15 0
-12 -16 0
-13 -14 0
-13 -15 0
-13 -16 0
-14 -15 0
-14 -16 0
-15 -16 0
7 8 9 10 11 12 13 14 15 16  0
-17 -18 0
-17 -19 0
-17 -20 0
-17 -21 0
-17 -22 0
-17 -23 0
-17 -24 0
-17 -25 0
-17 -26 0
-18 -19 0
-18 -20 0
-18 -21 0
-18 -22 0
-18 -23 0
-18 -24 0
-18 -25 0
-18 -26 0
-19 -20 0
-19 -21 0
-19 -22 0
-19 -23 0
-19 -24 0
-19 -25 0
-19 -26 0
-20 -21 0
-20 -22 0
-20 -23 0
-20 -24 0
-20 -25 0
-20 -26 0
-21 -22 0
-21 -23 0
-21 -24 0
-21 -25 0
-21 -26 0
-22 -23 0
-22 -24 0
-22 -25 0
-22 -26 0
-23 -24 0
-23 -25 0
-23 -26 0
-24 -25 0
-24 -26 0
-25 -26 0
17 18 19 20 21 22 23 24 25 26  0
-27 -28 0
-27 -29 0
-27 -30 0
-27 -31 0
-27 -32 0
-27 -33 0
-27 -34 0
-27 -35 0
-27 -36 0
-28 -29 0
-28 -30 0
-28 -31 0
-28 -32 0
-28 -33 0
-28 -34 0
-28 -35 0
-28 -36 0
-29 -30 0
-29 -31 0
-29 -32 0
-29 -33 0
-29 -34 0
-29 -35 0
-29 -36 0
-30 -31 0
-30 -32 0
-30 -33 0
-30 -34 0
-30 -35 0
-30 -36 0
-31 -32 0
-31 -33 0
-31 -34 0
-31 -35 0
-31 -36 0
-32 -33 0
-32 -34 0
-32 -35 0
-32 -36 0
-33 -34 0
-33 -35 0
-33 -36 0
-34 -35 0
-34 -36 0
-35 -36 0
27 28 29 30 31 32 33 34 35 36  0
-37 -38 0
-37 -39 0
-37 -40 0
-37 -41 0
-37 -42 0
-37 -43 0
-37 -44 0
-37 -45 0
-37 -46 0
-38 -39 0
-38 -40 0
-38 -41 0
-38 -42 0
-38 -43 0
-38 -44 0
-38 -45 0
-38 -46 0
-39 -40 0
-39 -41 0
-39 -42 0
-39 -43 0
-39 -44 0
-39 -45 0
-39 -46 0
-40 -41 0
-40 -42 0
-40 -43 0
-40 -44 0
-40 -45 0
-40 -46 0
-41 -42 0
-41 -43 0
-41 -44 0
-41 -45 0
-41 -46 0
-42 -43 0
-42 -44 0
-42 -45 0
-42 -46 0
-43 -44 0
-43 -45 0
-43 -46 0
-44 -45 0
-44 -46 0
-45 -46 0
37 38 39 40 41 42 43 44 45 46  0
-47 -48 0
-47 -49 0
-47 -50 0
-47 -51 0
-47 -52 0
-47 -53 0
-47 -54 0
-47 -55 0
-47 -56 0
-48 -49 0
-48 -50 0
-48 -51 0
-48 -52 0
-48 -53 0
-48 -54 0
-48 -55 0
-48 -56 0
-49 -50 0
-49 -51 0
-49 -52 0
-49 -53 0
-49 -54 0
-49 -55 0
-49 -56 0
-50 -51 0
-50 -52 0
-50 -53 0
-50 -54 0
-50 -55 0
-50 -56 0
-51 -52 0
-51 -53 0
-51 -54 0
-51 -55 0
-51 -56 0
-52 -53 0
-52 -54 0
-52 -55 0
-52 -56 0
-53 -54 0
-53 -55 0
-53 -56 0
-54 -55 0
-54 -56 0
-55 -56 0
47 48 49 50 51 52 53 54 55 56  0
-57 -58 0
-57 -59 0
-57 -60 0
-57 -61 0
-57 -62 0
-57 -63 0
-57 -64 0
-57 -65 0
-57 -66 0
-58 -59 0
-58 -60 0
-58 -61 0
-58 -62 0
-58 -63 0
-58 -64 0
-58 -65 0
-58 -66 0
-59 -60 0
-59 -61 0
-59 -62 0
-59 -63 0
-59 -64 0
-59 -65 0
-59 -66 0
-60 -61 0
-60 -62 0
-60 -63 0
-60 -64 0
-60 -65 0
-60 -66 0
-61 -62 0
-61 -63 0
-61 -64 0
-61 -65 0
-61 -66 0
-62 -63 0
-62 -64 0
-62 -65 0
-62 -66 0
-63 -64 0
-63 -65 0
-63 -66 0
-64 -65 0
-64 -66 0
-65 -66 0
57 58 59 60 61 62 63 64 65 66  0
-67 -68 0
-67 -69 0
-67 -70 0
-67 -71 0
-67 -72 0
-67 -73 0
-67 -74 0
-67 -75 0
-67 -76 0
-68 -69 0
-68 -70 0
-68 -71 0
-68 -72 0
-68 -73 0
-68 -74 0
-68 -75 0
-68 -76 0
-69 -70 0
-69 -71 0
-69 -72 0
-69 -73 0
-69 -74 0
-69 -75 0
-69 -76 0
-70 -71 0
-70 -72 0
-70 -73 0
-70 -74 0
-70 -75 0
-70 -76 0
-71 -72 0
-71 -73 0
-71 -74 0
-71 -75 0
-71 -76 0
-72 -73 0
-72 -74 0
-72 -75 0
-72 -76 0
-73 -74 0
-73 -75 0
-73 -76 0
-74 -75 0
-74 -76 0
-75 -76 0
67 68 69 70 71 72 73 74 75 76  0
-77 -78 0
-77 -79 0
-77 -80 0
-77 -81 0
-77 -82 0
-77 -83 0
-77 -84 0
-77 -85 0
-77 -86 0
-78 -79 0
-78 -80 0
-78 -81 0
-78 -82 0
-78 -83 0
-78 -84 0
-78 -85 0
-78 -86 0
-79 -80 0
-79 -81 0
-79 -82 0
-79 -83 0
-79 -84 0
-79 -85 0
-79 -86 0
-80 -81 0
-80 -82 0
-80 -83 0
-80 -84 0
-80 -85 0
-80 -86 0
-81 -82 0
-81 -83 0
-81 -84 0
-81 -85 0
-81 -86 0
-82 -83 0
-82 -84 0
-82 -85 0
-82 -86 0
-83 -84 0
-83 -85 0
-83 -86 0
-84 -85 0
-84 -86 0
-85 -86 0
77 78 79 80 81 82 83 84 85 86  0
-87 -88 0
-87 -89 0
-87 -90 0
-87 -91 0
-87 -92 0
-87 -93 0
-87 -94 0
-87 -95 0
-87 -96 0
-88 -89 0
-88 -90 0
-88 -91 0
-88 -92 0
-88 -93 0
-88 -94 0
-88 -95 0
-88 -96 0
-89 -90 0
-89 -91 0
-89 -92 0
-89 -93 0
-89 -94 0
-89 -95 0
-89 -96 0
-90 -91 0
-90 -92 0
-90 -93 0
-90 -94 0
-90 -95 0
-90 -96 0
-91 -92 0
-91 -93 0
-91 -94 0
-91 -95 0
-91 -96 0
-92 -93 0
-92 -94 0
-92 -95 0
-92 -96 0
-93 -94 0
-93 -95 0
-93 -96 0
-94 -95 0
-94 -96 0
-95 -96 0
87 88 89 90 91 92 93 94 95 96  0
-97 -98 0
-97 -99 0
-97 -100 0
-97 -101 0
-97 -102 0
-97 -103 0
-97 -104 0
-97 -105 0
-97 -106 0
-98 -99 0
-98 -100 0
-98 -101 0
-98 -102 0
-98 -103 0
-98 -104 0
-98 -105 0
-98 -106 0
-99 -100 0
-99 -101 0
-99 -102 0
-99 -103 0
-99 -104 0
-99 -105 0
-99 -106 0
-100 -101 0
-100 -102 0
-100 -103 0
-100 -104 0
-100 -105 0
-100 -106 0
-101 -102 0
-101 -103 0
-101 -104 0
-101 -105 0
-101 -106 0
-102 -103 0
-102 -104 0
-102 -105 0
-102 -106 0
-103 -104 0
-103 -105 0
-103 -106 0
-104 -105 0
-104 -106 0
-105 -106 0
97 98 99 100 101 102 103 104 105 106  0
-107 -108 0
-107 -109 0
-107 -110 0
-107 -111 0
-107 -112 0
-107 -113 0
-107 -114 0
-107 -115 0
-107 -116 0
-108 -109 0
-108 -110 0
-108 -111 0
-108 -112 0
-108 -113 0
-108 -114 0
-108 -115 0
-108 -116 0
-109 -110 0
-109 -111 0
-109 -112 0
-109 -113 0
-109 -114 0
-109 -115 0
-109 -116 0
-110 -111 0
-110 -112 0
-110 -113 0
-110 -114 0
-110 -115 0
-110 -116 0
-111 -112 0
-111 -113 0
-111 -114 0
-111 -115 0
-111 -116 0
-112 -113 0
-112 -114 0
-112 -115 0
-112 -116 0
-113 -114 0
-113 -115 0
-113 -116 0
-114 -115 0
-114 -116 0
-115 -116 0
107 108 109 110 111 112 113 114 115 116  0
-117 -118 0
-117 -119 0
-117 -120 0
-117 -121 0
-117 -122 0
-117 -123 0
-117 -124 0
-117 -125 0
-117 -126 0
-118 -119 0
-118 -120 0
-118 -121 0
-118 -122 0
-118 -123 0
-118 -124 0
-118 -125 0
-118 -126 0
-119 -120 0
-119 -121 0
-119 -122 0
-119 -123 0
-119 -124 0
-119 -125 0
-119 -126 0
-120 -121 0
-120 -122 0
-120 -123 0
-120 -124 0
-120 -125 0
-120 -126 0
-121 -122 0
-121 -123 0
-121 -124 0
-121 -125 0
-121 -126 0
-122 -123 0
-122 -124 0
-122 -125 0
-122 -126 0
-123 -124 0
-123 -125 0
-123 -126 0
-124 -125 0
-124 -126 0
-125 -126 0
117 118 119 120 121 122 123 124 125 126  0
-127 -128 0
-127 -129 0
-127 -130 0
-127 -131 0
-127 -132 0
-127 -133 0
-127 -134 0
-127 -135 0
-127 -136 0
-128 -129 0
-128 -130 0
-128 -131 0
-128 -132 0
-128 -133 0
-128 -134 0
-128 -135 0
-128 -136 0
-129 -130 0
-129 -131 0
-129 -132 0
-129 -133 0
-129 -134 0
-129 -135 0
-129 -136 0
-130 -131 0
-130 -132 0
-130 -133 0
-130 -134 0
-130 -135 0
-130 -136 0
-131 -132 0
-131 -133 0
-131 -134 0
-131 -135 0
-131 -136 0
-132 -133 0
-132 -134 0
-132 -135 0
-132 -136 0
-133 -134 0
-133 -135 0
-133 -136 0
-134 -135 0
-134 -136 0
-135 -136 0
127 128 129 130 131 132 133 134 135 136  0
-137 -138 0
-137 -139 0
-137 -140 0
-137 -141 0
-137 -142 0
-137 -143 0
-137 -144 0
-137 -145 0
-137 -146 0
-138 -139 0
-138 -140 0
-138 -141 0
-138 -142 0
-138 -143 0
-138 -144 0
-138 -145 0
-138 -146 0
-139 -140 0
-139 -141 0
-139 -142 0
-139 -143 0
-139 -144 0
-139 -145 0
-139 -146 0
-140 -141 0
-140 -142 0
-140 -143 0
-140 -144 0
-140 -145 0
-140 -146 0
-141 -142 0
-141 -143 0
-141 -144 0
-141 -145 0
-141 -146 0
-142 -143 0
-142 -144 0
-142 -145 0
-142 -146 0
-143 -144 0
-143 -145 0
-143 -146 0
-144 -145 0
-144 -146 0
-145 -146 0
137 138 139 140 141 142 143 144 145 146  0
-147 -148 0
-147 -149 0
-147 -150 0
-147 -151 0
-147 -152 0
-147 -153 0
-147 -154 0
-147 -155 0
-147 -156 0
-148 -149 0
-148 -150 0
-148 -151 0
-148 -152 0
-148 -153 0
-148 -154 0
-148 -155 0
-148 -156 0
-149 -150 0
-149 -151 0
-149 -152 0
-149 -153 0
-149 -154 0
-149 -155 0
-149 -156 0
-150 -151 0
-150 -152 0
-150 -153 0
-150 -154 0
-150 -155 0
-150 -156 0
-151 -152 0
-151 -153 0
-151 -154 0
-151 -155 0
-151 -156 0
-152 -153 0
-152 -154 0
-152 -155 0
-152 -156 0
-153 -154 0
-153 -155 0
-153 -156 0
-154 -155 0
-154 -156 0
-155 -156 0
147 148 149 150 151 152 153 154 155 156  0
-157 -158 0
-157 -159 0
-157 -160 0
-157 -161 0
-157 -162 0
-157 -163 0
-157 -164 0
-157 -165 0
-157 -166 0
-158 -159 0
-158 -160 0
-158 -161 0
-158 -162 0
-158 -163 0
-158 -164 0
-158 -165 0
-158 -166 0
-159 -160 0
-159 -161 0
-159 -162 0
-159 -163 0
-159 -164 0
-159 -165 0
-159 -166 0
-160 -161 0
-160 -162 0
-160 -163 0
-160 -164 0
-160 -165 0
-160 -166 0
-161 -162 0
-161 -163 0
-161 -164 0
-161 -165 0
-161 -166 0
-162 -163 0
-162 -164 0
-162 -165 0
-162 -166 0
-163 -164 0
-163 -165 0
-163 -166 0
-164 -165 0
-164 -166 0
-165 -166 0
157 158 159 160 161 162 163 164 165 166  0
-167 -168 0
-167 -169 0
-167 -170 0
-167 -171 0
-167 -172 0
-167 -173 0
-167 -174 0
-167 -175 0
-167 -176 0
-168 -169 0
-168 -170 0
-168 -171 0
-168 -172 0
-168 -173 0
-168 -174 0
-168 -175 0
-168 -176 0
-169 -170 0
-169 -171 0
-169 -172 0
-169 -173 0
-169 -174 0
-169 -175 0
-169 -176 0
-170 -171 0
-170 -172 0
-170 -173 0
-170 -174 0
-170 -175 0
-170 -176 0
-171 -172 0
-171 -173 0
-171 -174 0
-171 -175 0
-171 -176 0
-172 -173 0
-172 -174 0
-172 -175 0
-172 -176 0
-173 -174 0
-173 -175 0
-173 -176 0
-174 -175 0
-174 -176 0
-175 -176 0
167 168 169 170 171 172 173 174 175 176  0
-177 -178 0
-177 -179 0
-177 -180 0
-177 -181 0
-177 -182 0
-177 -183 0
-177 -184 0
-177 -185 0
-177 -186 0
-178 -179 0
-178 -180 0
-178 -181 0
-178 -182 0
-178 -183 0
-178 -184 0
-178 -185 0
-178 -186 0
-179 -180 0
-179 -181 0
-179 -182 0
-179 -183 0
-179 -184 0
-179 -185 0
-179 -186 0
-180 -181 0
-180 -182 0
-180 -183 0
-180 -184 0
-180 -185 0
-180 -186 0
-181 -182 0
-181 -183 0
-181 -184 0
-181 -185 0
-181 -186 0
-182 -183 0
-182 -184 0
-182 -185 0
-182 -186 0
-183 -184 0
-183 -185 0
-183 -186 0
-184 -185 0
-184 -186 0
-185 -186 0
177 178 179 180 181 182 183 184 185 186  0
-187 -188 0
-187 -189 0
-187 -190 0
-187 -191 0
-187 -192 0
-187 -193 0
-187 -194 0
-187 -195 0
-187 -196 0
-188 -189 0
-188 -190 0
-188 -191 0
-188 -192 0
-188 -193 0
-188 -194 0
-188 -195 0
-188 -196 0
-189 -190 0
-189 -191 0
-189 -192 0
-189 -193 0
-189 -194 0
-189 -195 0
-189 -196 0
-190 -191 0
-190 -192 0
-190 -193 0
-190 -194 0
-190 -195 0
-190 -196 0
-191 -192 0
-191 -193 0
-191 -194 0
-191 -195 0
-191 -196 0
-192 -193 0
-192 -194 0
-192 -195 0
-192 -196 0
-193 -194 0
-193 -195 0
-193 -196 0
-194 -195 0
-194 -196 0
-195 -196 0
187 188 189 190 191 192 193 194 195 196  0
-197 -198 0
-197 -199 0
-197 -200 0
-197 -201 0
-197 -202 0
-197 -203 0
-197 -204 0
-197 -205 0
-197 -206 0
-198 -199 0
-198 -200 0
-198 -201 0
-198 -202 0
-198 -203 0
-198 -204 0
-198 -205 0
-198 -206 0
-199 -200 0
-199 -201 0
-199 -202 0
-199 -203 0
-199 -204 0
-199 -205 0
-199 -206 0
-200 -201 0
-200 -202 0
-200 -203 0
-200 -204 0
-200 -205 0
-200 -206 0
-201 -202 0
-201 -203 0
-201 -204 0
-201 -205 0
-201 -206 0
-202 -203 0
-202 -204 0
-202 -205 0
-202 -206 0
-203 -204 0
-203 -205 0
-203 -206 0
-204 -205 0
-204 -206 0
-205 -206 0
197 198 199 200 201 202 203 204 205 206  0
-7 -1 23 0
-7 -2 26 0
-7 -3 25 0
-8 -1 25 0
-8 -2 17 0
-8 -3 24 0
-9 -1 24 0
-9 -2 25 0
-9 -3 24 0
-10 -1 24 0
-10 -2 22 0
-10 -3 25 0
-11 -1 25 0
-11 -2 25 0
-11 -3 24 0
-12 -1 24 0
-12 -2 22 0
-12 -3 20 0
-13 -1 20 0
-13 -2 17 0
-13 -3 22 0
-14 -1 22 0
-14 -2 24 0
-14 -3 18 0
-15 -1 18 0
-15 -2 18 0
-15 -3 22 0
-16 -1 22 0
-16 -2 20 0
-16 -3 19 0
-27 -1 43 0
-27 -2 46 0
-27 -3 45 0
-28 -1 45 0
-28 -2 37 0
-28 -3 44 0
-29 -1 44 0
-29 -2 45 0
-29 -3 44 0
-30 -1 44 0
-30 -2 42 0
-30 -3 45 0
-31 -1 45 0
-31 -2 45 0
-31 -3 44 0
-32 -1 44 0
-32 -2 42 0
-32 -3 40 0
-33 -1 40 0
-33 -2 37 0
-33 -3 42 0
-34 -1 42 0
-34 -2 44 0
-34 -3 38 0
-35 -1 38 0
-35 -2 38 0
-35 -3 42 0
-36 -1 42 0
-36 -2 40 0
-36 -3 39 0
-47 -1 63 0
-47 -2 66 0
-47 -3 65 0
-48 -1 65 0
-48 -2 57 0
-48 -3 64 0
-49 -1 64 0
-49 -2 65 0
-49 -3 64 0
-50 -1 64 0
-50 -2 62 0
-50 -3 65 0
-51 -1 65 0
-51 -2 65 0
-51 -3 64 0
-52 -1 64 0
-52 -2 62 0
-52 -3 60 0
-53 -1 60 0
-53 -2 57 0
-53 -3 62 0
-54 -1 62 0
-54 -2 64 0
-54 -3 58 0
-55 -1 58 0
-55 -2 58 0
-55 -3 62 0
-56 -1 62 0
-56 -2 60 0
-56 -3 59 0
-67 -1 83 0
-67 -2 86 0
-67 -3 85 0
-68 -1 85 0
-68 -2 77 0
-68 -3 84 0
-69 -1 84 0
-69 -2 85 0
-69 -3 84 0
-70 -1 84 0
-70 -2 82 0
-70 -3 85 0
-71 -1 85 0
-71 -2 85 0
-71 -3 84 0
-72 -1 84 0
-72 -2 82 0
-72 -3 80 0
-73 -1 80 0
-73 -2 77 0
-73 -3 82 0
-74 -1 82 0
-74 -2 84 0
-74 -3 78 0
-75 -1 78 0
-75 -2 78 0
-75 -3 82 0
-76 -1 82 0
-76 -2 80 0
-76 -3 79 0
-87 -1 103 0
-87 -2 106 0
-87 -3 105 0
-88 -1 105 0
-88 -2 97 0
-88 -3 104 0
-89 -1 104 0
-89 -2 105 0
-89 -3 104 0
-90 -1 104 0
-90 -2 102 0
-90 -3 105 0
-91 -1 105 0
-91 -2 105 0
-91 -3 104 0
-92 -1 104 0
-92 -2 102 0
-92 -3 100 0
-93 -1 100 0
-93 -2 97 0
-93 -3 102 0
-94 -1 102 0
-94 -2 104 0
-94 -3 98 0
-95 -1 98 0
-95 -2 98 0
-95 -3 102 0
-96 -1 102 0
-96 -2 100 0
-96 -3 99 0
-107 -1 123 0
-107 -2 126 0
-107 -3 125 0
-108 -1 125 0
-108 -2 117 0
-108 -3 124 0
-109 -1 124 0
-109 -2 125 0
-109 -3 124 0
-110 -1 124 0
-110 -2 122 0
-110 -3 125 0
-111 -1 125 0
-111 -2 125 0
-111 -3 124 0
-112 -1 124 0
-112 -2 122 0
-112 -3 120 0
-113 -1 120 0
-113 -2 117 0
-113 -3 122 0
-114 -1 122 0
-114 -2 124 0
-114 -3 118 0
-115 -1 118 0
-115 -2 118 0
-115 -3 122 0
-116 -1 122 0
-116 -2 120 0
-116 -3 119 0
-127 -1 143 0
-127 -2 146 0
-127 -3 145 0
-128 -1 145 0
-128 -2 137 0
-128 -3 144 0
-129 -1 144 0
-129 -2 145 0
-129 -3 144 0
-130 -1 144 0
-130 -2 142 0
-130 -3 145 0
-131 -1 145 0
-131 -2 145 0
-131 -3 144 0
-132 -1 144 0
-132 -2 142 0
-132 -3 140 0
-133 -1 140 0
-133 -2 137 0
-133 -3 142 0
-134 -1 142 0
-134 -2 144 0
-134 -3 138 0
-135 -1 138 0
-135 -2 138 0
-135 -3 142 0
-136 -1 142 0
-136 -2 140 0
-136 -3 139 0
-147 -1 163 0
-147 -2 166 0
-147 -3 165 0
-148 -1 165 0
-148 -2 157 0
-148 -3 164 0
-149 -1 164 0
-149 -2 165 0
-149 -3 164 0
-150 -1 164 0
-150 -2 162 0
-150 -3 165 0
-151 -1 165 0
-151 -2 165 0
-151 -3 164 0
-152 -1 164 0
-152 -2 162 0
-152 -3 160 0
-153 -1 160 0
-153 -2 157 0
-153 -3 162 0
-154 -1 162 0
-154 -2 164 0
-154 -3 158 0
-155 -1 158 0
-155 -2 158 0
-155 -3 162 0
-156 -1 162 0
-156 -2 160 0
-156 -3 159 0
-167 -1 183 0
-167 -2 186 0
-167 -3 185 0
-168 -1 185 0
-168 -2 177 0
-168 -3 184 0
-169 -1 184 0
-169 -2 185 0
-169 -3 184 0
-170 -1 184 0
-170 -2 182 0
-170 -3 185 0
-171 -1 185 0
-171 -2 185 0
-171 -3 184 0
-172 -1 184 0
-172 -2 182 0
-172 -3 180 0
-173 -1 180 0
-173 -2 177 0
-173 -3 182 0
-174 -1 182 0
-174 -2 184 0
-174 -3 178 0
-175 -1 178 0
-175 -2 178 0
-175 -3 182 0
-176 -1 182 0
-176 -2 180 0
-176 -3 179 0
-187 -1 203 0
-187 -2 206 0
-187 -3 205 0
-188 -1 205 0
-188 -2 197 0
-188 -3 204 0
-189 -1 204 0
-189 -2 205 0
-189 -3 204 0
-190 -1 204 0
-190 -2 202 0
-190 -3 205 0
-191 -1 205 0
-191 -2 205 0
-191 -3 204 0
-192 -1 204 0
-192 -2 202 0
-192 -3 200 0
-193 -1 200 0
-193 -2 197 0
-193 -3 202 0
-194 -1 202 0
-194 -2 204 0
-194 -3 198 0
-195 -1 198 0
-195 -2 198 0
-195 -3 202 0
-196 -1 202 0
-196 -2 200 0
-196 -3 199 0
-207 -208 0
-207 -209 0
-207 -210 0
-207 -211 0
-208 -209 0
-208 -210 0
-208 -211 0
-209 -210 0
-209 -211 0
-210 -211 0
207 208 209 210 211  0
-212 -213 0
-212 -214 0
-212 -215 0
-212 -216 0
-213 -214 0
-213 -215 0
-213 -216 0
-214 -215 0
-214 -216 0
-215 -216 0
212 213 214 215 216  0
-217 -218 0
-217 -219 0
-217 -220 0
-217 -221 0
-218 -219 0
-218 -220 0
-218 -221 0
-219 -220 0
-219 -221 0
-220 -221 0
217 218 219 220 221  0
-222 -223 0
-222 -224 0
-222 -225 0
-222 -226 0
-223 -224 0
-223 -225 0
-223 -226 0
-224 -225 0
-224 -226 0
-225 -226 0
222 223 224 225 226  0
-227 -228 0
-227 -229 0
-227 -230 0
-227 -231 0
-228 -229 0
-228 -230 0
-228 -231 0
-229 -230 0
-229 -231 0
-230 -231 0
227 228 229 230 231  0
-232 -233 0
-232 -234 0
-232 -235 0
-232 -236 0
-233 -234 0
-233 -235 0
-233 -236 0
-234 -235 0
-234 -236 0
-235 -236 0
232 233 234 235 236  0
-237 -238 0
-237 -239 0
-237 -240 0
-237 -241 0
-238 -239 0
-238 -240 0
-238 -241 0
-239 -240 0
-239 -241 0
-240 -241 0
237 238 239 240 241  0
-242 -243 0
-242 -244 0
-242 -245 0
-242 -246 0
-243 -244 0
-243 -245 0
-243 -246 0
-244 -245 0
-244 -246 0
-245 -246 0
242 243 244 245 246  0
-247 -248 0
-247 -249 0
-247 -250 0
-247 -251 0
-248 -249 0
-248 -250 0
-248 -251 0
-249 -250 0
-249 -251 0
-250 -251 0
247 248 249 250 251  0
-252 -253 0
-252 -254 0
-252 -255 0
-252 -256 0
-253 -254 0
-253 -255 0
-253 -256 0
-254 -255 0
-254 -256 0
-255 -256 0
252 253 254 255 256  0
-257 -258 0
-257 -259 0
-257 -260 0
-257 -261 0
-258 -259 0
-258 -260 0
-258 -261 0
-259 -260 0
-259 -261 0
-260 -261 0
257 258 259 260 261  0
-262 -263 0
-262 -264 0
-262 -265 0
-262 -266 0
-263 -264 0
-263 -265 0
-263 -266 0
-264 -265 0
-264 -266 0
-265 -266 0
262 263 264 265 266  0
-267 -268 0
-267 -269 0
-267 -270 0
-267 -271 0
-268 -269 0
-268 -270 0
-268 -271 0
-269 -270 0
-269 -271 0
-270 -271 0
267 268 269 270 271  0
-272 -273 0
-272 -274 0
-272 -275 0
-272 -276 0
-273 -274 0
-273 -275 0
-273 -276 0
-274 -275 0
-274 -276 0
-275 -276 0
272 273 274 275 276  0
-277 -278 0
-277 -279 0
-277 -280 0
-277 -281 0
-278 -279 0
-278 -280 0
-278 -281 0
-279 -280 0
-279 -281 0
-280 -281 0
277 278 279 280 281  0
-282 -283 0
-282 -284 0
-282 -285 0
-282 -286 0
-283 -284 0
-283 -285 0
-283 -286 0
-284 -285 0
-284 -286 0
-285 -286 0
282 283 284 285 286  0
-287 -288 0
-287 -289 0
-287 -290 0
-287 -291 0
-288 -289 0
-288 -290 0
-288 -291 0
-289 -290 0
-289 -291 0
-290 -291 0
287 288 289 290 291  0
-292 -293 0
-292 -294 0
-292 -295 0
-292 -296 0
-293 -294 0
-293 -295 0
-293 -296 0
-294 -295 0
-294 -296 0
-295 -296 0
292 293 294 295 296  0
-297 -298 0
-297 -299 0
-297 -300 0
-297 -301 0
-298 -299 0
-298 -300 0
-298 -301 0
-299 -300 0
-299 -301 0
-300 -301 0
297 298 299 300 301  0
-302 -303 0
-302 -304 0
-302 -305 0
-302 -306 0
-303 -304 0
-303 -305 0
-303 -306 0
-304 -305 0
-304 -306 0
-305 -306 0
302 303 304 305 306  0
-7 -1 208 0
-7 -2 209 0
-7 -3 210 0
-8 -1 210 0
-8 -2 208 0
-8 -3 209 0
-9 -1 209 0
-9 -2 207 0
-9 -3 211 0
-10 -1 211 0
-10 -2 208 0
-10 -3 211 0
-11 -1 211 0
-11 -2 209 0
-11 -3 207 0
-12 -1 207 0
-12 -2 208 0
-12 -3 211 0
-13 -1 211 0
-13 -2 208 0
-13 -3 211 0
-14 -1 211 0
-14 -2 210 0
-14 -3 207 0
-15 -1 207 0
-15 -2 210 0
-15 -3 209 0
-16 -1 209 0
-16 -2 207 0
-16 -3 210 0
-17 -4 213 0
-17 -5 214 0
-17 -6 215 0
-18 -4 215 0
-18 -5 213 0
-18 -6 214 0
-19 -4 214 0
-19 -5 212 0
-19 -6 216 0
-20 -4 216 0
-20 -5 213 0
-20 -6 216 0
-21 -4 216 0
-21 -5 214 0
-21 -6 212 0
-22 -4 212 0
-22 -5 213 0
-22 -6 216 0
-23 -4 216 0
-23 -5 213 0
-23 -6 216 0
-24 -4 216 0
-24 -5 215 0
-24 -6 212 0
-25 -4 212 0
-25 -5 215 0
-25 -6 214 0
-26 -4 214 0
-26 -5 212 0
-26 -6 215 0
-27 -1 218 0
-27 -2 219 0
-27 -3 220 0
-28 -1 220 0
-28 -2 218 0
-28 -3 219 0
-29 -1 219 0
-29 -2 217 0
-29 -3 221 0
-30 -1 221 0
-30 -2 218 0
-30 -3 221 0
-31 -1 221 0
-31 -2 219 0
-31 -3 217 0
-32 -1 217 0
-32 -2 218 0
-32 -3 221 0
-33 -1 221 0
-33 -2 218 0
-33 -3 221 0
-34 -1 221 0
-34 -2 220 0
-34 -3 217 0
-35 -1 217 0
-35 -2 220 0
-35 -3 219 0
-36 -1 219 0
-36 -2 217 0
-36 -3 220 0
-37 -4 223 0
-37 -5 224 0
-37 -6 225 0
-38 -4 225 0
-38 -5 223 0
-38 -6 224 0
-39 -4 224 0
-39 -5 222 0
-39 -6 226 0
-40 -4 226 0
-40 -5 223 0
-40 -6 226 0
-41 -4 226 0
-41 -5 224 0
-41 -6 222 0
-42 -4 222 0
-42 -5 223 0
-42 -6 226 0
-43 -4 226 0
-43 -5 223 0
-43 -6 226 0
-44 -4 226 0
-44 -5 225 0
-44 -6 222 0
-45 -4 222 0
-45 -5 225 0
-45 -6 224 0
-46 -4 224 0
-46 -5 222 0
-46 -6 225 0
-47 -1 228 0
-47 -2 229 0
-47 -3 230 0
-48 -1 230 0
-48 -2 228 0
-48 -3 229 0
-49 -1 229 0
-49 -2 227 0
-49 -3 231 0
-50 -1 231 0
-50 -2 228 0
-50 -3 231 0
-51 -1 231 0
-51 -2 229 0
-51 -3 227 0
-52 -1 227 0
-52 -2 228 0
-52 -3 231 0
-53 -1 231 0
-53 -2 228 0
-53 -3 231 0
-54 -1 231 0
-54 -2 230 0
-54 -3 227 0
-55 -1 227 0
-55 -2 230 0
-55 -3 229 0
-56 -1 229 0
-56 -2 227 0
-56 -3 230 0
-57 -4 233 0
-57 -5 234 0
-57 -6 235 0
-58 -4 235 0
-58 -5 233 0
-58 -6 234 0
-59 -4 234 0
-59 -5 232 0
-59 -6 236 0
-60 -4 236 0
-60 -5 233 0
-60 -6 236 0
-61 -4 236 0
-61 -5 234 0
-61 -6 232 0
-62 -4 232 0
-62 -5 233 0
-62 -6 236 0
-63 -4 236 0
-63 -5 233 0
-63 -6 236 0
-64 -4 236 0
-64 -5 235 0
-64 -6 232 0
-65 -4 232 0
-65 -5 235 0
-65 -6 234 0
-66 -4 234 0
-66 -5 232 0
-66 -6 235 0
-67 -1 238 0
-67 -2 239 0
-67 -3 240 0
-68 -1 240 0
-68 -2 238 0
-68 -3 239 0
-69 -1 239 0
-69 -2 237 0
-69 -3 241 0
-70 -1 241 0
-70 -2 238 0
-70 -3 241 0
-71 -1 241 0
-71 -2 239 0
-71 -3 237 0
-72 -1 237 0
-72 -2 238 0
-72 -3 241 0
-73 -1 241 0
-73 -2 238 0
-73 -3 241 0
-74 -1 241 0
-74 -2 240 0
-74 -3 237 0
-75 -1 237 0
-75 -2 240 0
-75 -3 239 0
-76 -1 239 0
-76 -2 237 0
-76 -3 240 0
-77 -4 243 0
-77 -5 244 0
-77 -6 245 0
-78 -4 245 0
-78 -5 243 0
-78 -6 244 0
-79 -4 244 0
-79 -5 242 0
-79 -6 246 0
-80 -4 246 0
-80 -5 243 0
-80 -6 246 0
-81 -4 246 0
-81 -5 244 0
-81 -6 242 0
-82 -4 242 0
-82 -5 243 0
-82 -6 246 0
-83 -4 246 0
-83 -5 243 0
-83 -6 246 0
-84 -4 246 0
-84 -5 245 0
-84 -6 242 0
-85 -4 242 0
-85 -5 245 0
-85 -6 244 0
-86 -4 244 0
-86 -5 242 0
-86 -6 245 0
-87 -1 248 0
-87 -2 249 0
-87 -3 250 0
-88 -1 250 0
-88 -2 248 0
-88 -3 249 0
-89 -1 249 0
-89 -2 247 0
-89 -3 251 0
-90 -1 251 0
-90 -2 248 0
-90 -3 251 0
-91 -1 251 0
-91 -2 249 0
-91 -3 247 0
-92 -1 247 0
-92 -2 248 0
-92 -3 251 0
-93 -1 251 0
-93 -2 248 0
-93 -3 251 0
-94 -1 251 0
-94 -2 250 0
-94 -3 247 0
-95 -1 247 0
-95 -2 250 0
-95 -3 249 0
-96 -1 249 0
-96 -2 247 0
-96 -3 250 0
-97 -4 253 0
-97 -5 254 0
-97 -6 255 0
-98 -4 255 0
-98 -5 253 0
-98 -6 254 0
-99 -4 254 0
-99 -5 252 0
-99 -6 256 0
-100 -4 256 0
-100 -5 253 0
-100 -6 256 0
-101 -4 256 0
-101 -5 254 0
-101 -6 252 0
-102 -4 252 0
-102 -5 253 0
-102 -6 256 0
-103 -4 256 0
-103 -5 253 0
-103 -6 256 0
-104 -4 256 0
-104 -5 255 0
-104 -6 252 0
-105 -4 252 0
-105 -5 255 0
-105 -6 254 0
-106 -4 254 0
-106 -5 252 0
-106 -6 255 0
-107 -1 258 0
-107 -2 259 0
-107 -3 260 0
-108 -1 260 0
-108 -2 258 0
-108 -3 259 0
-109 -1 259 0
-109 -2 257 0
-109 -3 261 0
-110 -1 261 0
-110 -2 258 0
-110 -3 261 0
-111 -1 261 0
-111 -2 259 0
-111 -3 257 0
-112 -1 257 0
-112 -2 258 0
-112 -3 261 0
-113 -1 261 0
-113 -2 258 0
-113 -3 261 0
-114 -1 261 0
-114 -2 260 0
-114 -3 257 0
-115 -1 257 0
-115 -2 260 0
-115 -3 259 0
-116 -1 259 0
-116 -2 257 0
-116 -3 260 0
-117 -4 263 0
-117 -5 264 0
-117 -6 265 0
-118 -4 265 0
-118 -5 263 0
-118 -6 264 0
-119 -4 264 0
-119 -5 262 0
-119 -6 266 0
-120 -4 266 0
-120 -5 263 0
-120 -6 266 0
-121 -4 266 0
-121 -5 264 0
-121 -6 262 0
-122 -4 262 0
-122 -5 263 0
-122 -6 266 0
-123 -4 266 0
-123 -5 263 0
-123 -6 266 0
-124 -4 266 0
-124 -5 265 0
-124 -6 262 0
-125 -4 262 0
-125 -5 265 0
-125 -6 264 0
-126 -4 264 0
-126 -5 262 0
-126 -6 265 0
-127 -1 268 0
-127 -2 269 0
-127 -3 270 0
-128 -1 270 0
-128 -2 268 0
-128 -3 269 0
-129 -1 269 0
-129 -2 267 0
-129 -3 271 0
-130 -1 271 0
-130 -2 268 0
-130 -3 271 0
-131 -1 271 0
-131 -2 269 0
-131 -3 267 0
-132 -1 267 0
-132 -2 268 0
-132 -3 271 0
-133 -1 271 0
-133 -2 268 0
-133 -3 271 0
-134 -1 271 0
-134 -2 270 0
-134 -3 267 0
-135 -1 267 0
-135 -2 270 0
-135 -3 269 0
-136 -1 269 0
-136 -2 267 0
-136 -3 270 0
-137 -4 273 0
-137 -5 274 0
-137 -6 275 0
-138 -4 275 0
-138 -5 273 0
-138 -6 274 0
-139 -4 274 0
-139 -5 272 0
-139 -6 276 0
-140 -4 276 0
-140 -5 273 0
-140 -6 276 0
-141 -4 276 0
-141 -5 274 0
-141 -6 272 0
-142 -4 272 0
-142 -5 273 0
-142 -6 276 0
-143 -4 276 0
-143 -5 273 0
-143 -6 276 0
-144 -4 276 0
-144 -5 275 0
-144 -6 272 0
-145 -4 272 0
-145 -5 275 0
-145 -6 274 0
-146 -4 274 0
-146 -5 272 0
-146 -6 275 0
-147 -1 278 0
-147 -2 279 0
-147 -3 280 0
-148 -1 280 0
-148 -2 278 0
-148 -3 279 0
-149 -1 279 0
-149 -2 277 0
-149 -3 281 0
-150 -1 281 0
-150 -2 278 0
-150 -3 281 0
-151 -1 281 0
-151 -2 279 0
-151 -3 277 0
-152 -1 277 0
-152 -2 278 0
-152 -3 281 0
-153 -1 281 0
-153 -2 278 0
-153 -3 281 0
-154 -1 281 0
-154 -2 280 0
-154 -3 277 0
-155 -1 277 0
-155 -2 280 0
-155 -3 279 0
-156 -1 279 0
-156 -2 277 0
-156 -3 280 0
-157 -4 283 0
-157 -5 284 0
-157 -6 285 0
-158 -4 285 0
-158 -5 283 0
-158 -6 284 0
-159 -4 284 0
-159 -5 282 0
-159 -6 286 0
-160 -4 286 0
-160 -5 283 0
-160 -6 286 0
-161 -4 286 0
-161 -5 284 0
-161 -6 282 0
-162 -4 282 0
-162 -5 283 0
-162 -6 286 0
-163 -4 286 0
-163 -5 283 0
-163 -6 286 0
-164 -4 286 0
-164 -5 285 0
-164 -6 282 0
-165 -4 282 0
-165 -5 285 0
-165 -6 284 0
-166 -4 284 0
-166 -5 282 0
-166 -6 285 0
-167 -1 288 0
-167 -2 289 0
-167 -3 290 0
-168 -1 290 0
-168 -2 288 0
-168 -3 289 0
-169 -1 289 0
-169 -2 287 0
-169 -3 291 0
-170 -1 291 0
-170 -2 288 0
-170 -3 291 0
-171 -1 291 0
-171 -2 289 0
-171 -3 287 0
-172 -1 287 0
-172 -2 288 0
-172 -3 291 0
-173 -1 291 0
-173 -2 288 0
-173 -3 291 0
-174 -1 291 0
-174 -2 290 0
-174 -3 287 0
-175 -1 287 0
-175 -2 290 0
-175 -3 289 0
-176 -1 289 0
-176 -2 287 0
-176 -3 290 0
-177 -4 293 0
-177 -5 294 0
-177 -6 295 0
-178 -4 295 0
-178 -5 293 0
-178 -6 294 0
-179 -4 294 0
-179 -5 292 0
-179 -6 296 0
-180 -4 296 0
-180 -5 293 0
-180 -6 296 0
-181 -4 296 0
-181 -5 294 0
-181 -6 292 0
-182 -4 292 0
-182 -5 293 0
-182 -6 296 0
-183 -4 296 0
-183 -5 293 0
-183 -6 296 0
-184 -4 296 0
-184 -5 295 0
-184 -6 292 0
-185 -4 292 0
-185 -5 295 0
-185 -6 294 0
-186 -4 294 0
-186 -5 292 0
-186 -6 295 0
-187 -1 298 0
-187 -2 299 0
-187 -3 300 0
-188 -1 300 0
-188 -2 298 0
-188 -3 299 0
-189 -1 299 0
-189 -2 297 0
-189 -3 301 0
-190 -1 301 0
-190 -2 298 0
-190 -3 301 0
-191 -1 301 0
-191 -2 299 0
-191 -3 297 0
-192 -1 297 0
-192 -2 298 0
-192 -3 301 0
-193 -1 301 0
-193 -2 298 0
-193 -3 301 0
-194 -1 301 0
-194 -2 300 0
-194 -3 297 0
-195 -1 297 0
-195 -2 300 0
-195 -3 299 0
-196 -1 299 0
-196 -2 297 0
-196 -3 300 0
-197 -4 303 0
-197 -5 304 0
-197 -6 305 0
-198 -4 305 0
-198 -5 303 0
-198 -6 304 0
-199 -4 304 0
-199 -5 302 0
-199 -6 306 0
-200 -4 306 0
-200 -5 303 0
-200 -6 306 0
-201 -4 306 0
-201 -5 304 0
-201 -6 302 0
-202 -4 302 0
-202 -5 303 0
-202 -6 306 0
-203 -4 306 0
-203 -5 303 0
-203 -6 306 0
-204 -4 306 0
-204 -5 305 0
-204 -6 302 0
-205 -4 302 0
-205 -5 305 0
-205 -6 304 0
-206 -4 304 0
-206 -5 302 0
-206 -6 305 0
-207 -217 307 0
-208 -218 307 0
-209 -219 307 0
-210 -220 307 0
-211 -221 307 0
-212 -222 308 0
-213 -223 308 0
-214 -224 308 0
-215 -225 308 0
-216 -226 308 0
-207 -227 309 0
-208 -228 309 0
-209 -229 309 0
-210 -230 309 0
-211 -231 309 0
-212 -232 310 0
-213 -233 310 0
-214 -234 310 0
-215 -235 310 0
-216 -236 310 0
-207 -237 311 0
-208 -238 311 0
-209 -239 311 0
-210 -240 311 0
-211 -241 311 0
-212 -242 312 0
-213 -243 312 0
-214 -244 312 0
-215 -245 312 0
-216 -246 312 0
-207 -247 313 0
-208 -248 313 0
-209 -249 313 0
-210 -250 313 0
-211 -251 313 0
-212 -252 314 0
-213 -253 314 0
-214 -254 314 0
-215 -255 314 0
-216 -256 314 0
-207 -257 315 0
-208 -258 315 0
-209 -259 315 0
-210 -260 315 0
-211 -261 315 0
-212 -262 316 0
-213 -263 316 0
-214 -264 316 0
-215 -265 316 0
-216 -266 316 0
-207 -267 317 0
-208 -268 317 0
-209 -269 317 0
-210 -270 317 0
-211 -271 317 0
-212 -272 318 0
-213 -273 318 0
-214 -274 318 0
-215 -275 318 0
-216 -276 318 0
-207 -277 319 0
-208 -278 319 0
-209 -279 319 0
-210 -280 319 0
-211 -281 319 0
-212 -282 320 0
-213 -283 320 0
-214 -284 320 0
-215 -285 320 0
-216 -286 320 0
-207 -287 321 0
-208 -288 321 0
-209 -289 321 0
-210 -290 321 0
-211 -291 321 0
-212 -292 322 0
-213 -293 322 0
-214 -294 322 0
-215 -295 322 0
-216 -296 322 0
-207 -297 323 0
-208 -298 323 0
-209 -299 323 0
-210 -300 323 0
-211 -301 323 0
-212 -302 324 0
-213 -303 324 0
-214 -304 324 0
-215 -305 324 0
-216 -306 324 0
-217 -227 325 0
-218 -228 325 0
-219 -229 325 0
-220 -230 325 0
-221 -231 325 0
-222 -232 326 0
-223 -233 326 0
-224 -234 326 0
-225 -235 326 0
-226 -236 326 0
-217 -237 327 0
-218 -238 327 0
-219 -239 327 0
-220 -240 327 0
-221 -241 327 0
-222 -242 328 0
-223 -243 328 0
-224 -244 328 0
-225 -245 328 0
-226 -246 328 0
-217 -247 329 0
-218 -248 329 0
-219 -249 329 0
-220 -250 329 0
-221 -251 329 0
-222 -252 330 0
-223 -253 330 0
-224 -254 330 0
-225 -255 330 0
-226 -256 330 0
-217 -257 331 0
-218 -258 331 0
-219 -259 331 0
-220 -260 331 0
-221 -261 331 0
-222 -262 332 0
-223 -263 332 0
-224 -264 332 0
-225 -265 332 0
-226 -266 332 0
-217 -267 333 0
-218 -268 333 0
-219 -269 333 0
-220 -270 333 0
-221 -271 333 0
-222 -272 334 0
-223 -273 334 0
-224 -274 334 0
-225 -275 334 0
-226 -276 334 0
-217 -277 335 0
-218 -278 335 0
-219 -279 335 0
-220 -280 335 0
-221 -281 335 0
-222 -282 336 0
-223 -283 336 0
-224 -284 336 0
-225 -285 336 0
-226 -286 336 0
-217 -287 337 0
-218 -288 337 0
-219 -289 337 0
-220 -290 337 0
-221 -291 337 0
-222 -292 338 0
-223 -293 338 0
-224 -294 338 0
-225 -295 338 0
-226 -296 338 0
-217 -297 339 0
-218 -298 339 0
-219 -299 339 0
-220 -300 339 0
-221 -301 339 0
-222 -302 340 0
-223 -303 340 0
-224 -304 340 0
-225 -305 340 0
-226 -306 340 0
-227 -237 341 0
-228 -238 341 0
-229 -239 341 0
-230 -240 341 0
-231 -241 341 0
-232 -242 342 0
-233 -243 342 0
-234 -244 342 0
-235 -245 342 0
-236 -246 342 0
-227 -247 343 0
-228 -248 343 0
-229 -249 343 0
-230 -250 343 0
-231 -251 343 0
-232 -252 344 0
-233 -253 344 0
-234 -254 344 0
-235 -255 344 0
-236 -256 344 0
-227 -257 345 0
-228 -258 345 0
-229 -259 345 0
-230 -260 345 0
-231 -261 345 0
-232 -262 346 0
-233 -263 346 0
-234 -264 346 0
-235 -265 346 0
-236 -266 346 0
-227 -267 347 0
-228 -268 347 0
-229 -269 347 0
-230 -270 347 0
-231 -271 347 0
-232 -272 348 0
-233 -273 348 0
-234 -274 348 0
-235 -275 348 0
-236 -276 348 0
-227 -277 349 0
-228 -278 349 0
-229 -279 349 0
-230 -280 349 0
-231 -281 349 0
-232 -282 350 0
-233 -283 350 0
-234 -284 350 0
-235 -285 350 0
-236 -286 350 0
-227 -287 351 0
-228 -288 351 0
-229 -289 351 0
-230 -290 351 0
-231 -291 351 0
-232 -292 352 0
-233 -293 352 0
-234 -294 352 0
-235 -295 352 0
-236 -296 352 0
-227 -297 353 0
-228 -298 353 0
-229 -299 353 0
-230 -300 353 0
-231 -301 353 0
-232 -302 354 0
-233 -303 354 0
-234 -304 354 0
-235 -305 354 0
-236 -306 354 0
-237 -247 355 0
-238 -248 355 0
-239 -249 355 0
-240 -250 355 0
-241 -251 355 0
-242 -252 356 0
-243 -253 356 0
-244 -254 356 0
-245 -255 356 0
-246 -256 356 0
-237 -257 357 0
-238 -258 357 0
-239 -259 357 0
-240 -260 357 0
-241 -261 357 0
-242 -262 358 0
-243 -263 358 0
-244 -264 358 0
-245 -265 358 0
-246 -266 358 0
-237 -267 359 0
-238 -268 359 0
-239 -269 359 0
-240 -270 359 0
-241 -271 359 0
-242 -272 360 0
-243 -273 360 0
-244 -274 360 0
-245 -275 360 0
-246 -276 360 0
-237 -277 361 0
-238 -278 361 0
-239 -279 361 0
-240 -280 361 0
-241 -281 361 0
-242 -282 362 0
-243 -283 362 0
-244 -284 362 0
-245 -285 362 0
-246 -286 362 0
-237 -287 363 0
-238 -288 363 0
-239 -289 363 0
-240 -290 363 0
-241 -291 363 0
-242 -292 364 0
-243 -293 364 0
-244 -294 364 0
-245 -295 364 0
-246 -296 364 0
-237 -297 365 0
-238 -298 365 0
-239 -299 365 0
-240 -300 365 0
-241 -301 365 0
-242 -302 366 0
-243 -303 366 0
-244 -304 366 0
-245 -305 366 0
-246 -306 366 0
-247 -257 367 0
-248 -258 367 0
-249 -259 367 0
-250 -260 367 0
-251 -261 367 0
-252 -262 368 0
-253 -263 368 0
-254 -264 368 0
-255 -265 368 0
-256 -266 368 0
-247 -267 369 0
-248 -268 369 0
-249 -269 369 0
-250 -270 369 0
-251 -271 369 0
-252 -272 370 0
-253 -273 370 0
-254 -274 370 0
-255 -275 370 0
-256 -276 370 0
-247 -277 371 0
-248 -278 371 0
-249 -279 371 0
-250 -280 371 0
-251 -281 371 0
-252 -282 372 0
-253 -283 372 0
-254 -284 372 0
-255 -285 372 0
-256 -286 372 0
-247 -287 373 0
-248 -288 373 0
-249 -289 373 0
-250 -290 373 0
-251 -291 373 0
-252 -292 374 0
-253 -293 374 0
-254 -294 374 0
-255 -295 374 0
-256 -296 374 0
-247 -297 375 0
-248 -298 375 0
-249 -299 375 0
-250 -300 375 0
-251 -301 375 0
-252 -302 376 0
-253 -303 376 0
-254 -304 376 0
-255 -305 376 0
-256 -306 376 0
-257 -267 377 0
-258 -268 377 0
-259 -269 377 0
-260 -270 377 0
-261 -271 377 0
-262 -272 378 0
-263 -273 378 0
-264 -274 378 0
-265 -275 378 0
-266 -276 378 0
-257 -277 379 0
-258 -278 379 0
-259 -279 379 0
-260 -280 379 0
-261 -281 379 0
-262 -282 380 0
-263 -283 380 0
-264 -284 380 0
-265 -285 380 0
-266 -286 380 0
-257 -287 381 0
-258 -288 381 0
-259 -289 381 0
-260 -290 381 0
-261 -291 381 0
-262 -292 382 0
-263 -293 382 0
-264 -294 382 0
-265 -295 382 0
-266 -296 382 0
-257 -297 383 0
-258 -298 383 0
-259 -299 383 0
-260 -300 383 0
-261 -301 383 0
-262 -302 384 0
-263 -303 384 0
-264 -304 384 0
-265 -305 384 0
-266 -306 384 0
-267 -277 385 0
-268 -278 385 0
-269 -279 385 0
-270 -280 385 0
-271 -281 385 0
-272 -282 386 0
-273 -283 386 0
-274 -284 386 0
-275 -285 386 0
-276 -286 386 0
-267 -287 387 0
-268 -288 387 0
-269 -289 387 0
-270 -290 387 0
-271 -291 387 0
-272 -292 388 0
-273 -293 388 0
-274 -294 388 0
-275 -295 388 0
-276 -296 388 0
-267 -297 389 0
-268 -298 389 0
-269 -299 389 0
-270 -300 389 0
-271 -301 389 0
-272 -302 390 0
-273 -303 390 0
-274 -304 390 0
-275 -305 390 0
-276 -306 390 0
-277 -287 391 0
-278 -288 391 0
-279 -289 391 0
-280 -290 391 0
-281 -291 391 0
-282 -292 392 0
-283 -293 392 0
-284 -294 392 0
-285 -295 392 0
-286 -296 392 0
-277 -297 393 0
-278 -298 393 0
-279 -299 393 0
-280 -300 393 0
-281 -301 393 0
-282 -302 394 0
-283 -303 394 0
-284 -304 394 0
-285 -305 394 0
-286 -306 394 0
-287 -297 395 0
-288 -298 395 0
-289 -299 395 0
-290 -300 395 0
-291 -301 395 0
-292 -302 396 0
-293 -303 396 0
-294 -304 396 0
-295 -305 396 0
-296 -306 396 0
-207 -218 -307 0
-207 -219 -307 0
-207 -220 -307 0
-207 -221 -307 0
-208 -217 -307 0
-208 -219 -307 0
-208 -220 -307 0
-208 -221 -307 0
-209 -217 -307 0
-209 -218 -307 0
-209 -220 -307 0
-209 -221 -307 0
-210 -217 -307 0
-210 -218 -307 0
-210 -219 -307 0
-210 -221 -307 0
-211 -217 -307 0
-211 -218 -307 0
-211 -219 -307 0
-211 -220 -307 0
-212 -223 -308 0
-212 -224 -308 0
-212 -225 -308 0
-212 -226 -308 0
-213 -222 -308 0
-213 -224 -308 0
-213 -225 -308 0
-213 -226 -308 0
-214 -222 -308 0
-214 -223 -308 0
-214 -225 -308 0
-214 -226 -308 0
-215 -222 -308 0
-215 -223 -308 0
-215 -224 -308 0
-215 -226 -308 0
-216 -222 -308 0
-216 -223 -308 0
-216 -224 -308 0
-216 -225 -308 0
-207 -228 -309 0
-207 -229 -309 0
-207 -230 -309 0
-207 -231 -309 0
-208 -227 -309 0
-208 -229 -309 0
-208 -230 -309 0
-208 -231 -309 0
-209 -227 -309 0
-209 -228 -309 0
-209 -230 -309 0
-209 -231 -309 0
-210 -227 -309 0
-210 -228 -309 0
-210 -229 -309 0
-210 -231 -309 0
-211 -227 -309 0
-211 -228 -309 0
-211 -229 -309 0
-211 -230 -309 0
-212 -233 -310 0
-212 -234 -310 0
-212 -235 -310 0
-212 -236 -310 0
-213 -232 -310 0
-213 -234 -310 0
-213 -235 -310 0
-213 -236 -310 0
-214 -232 -310 0
-214 -233 -310 0
-214 -235 -310 0
-214 -236 -310 0
-215 -232 -310 0
-215 -233 -310 0
-215 -234 -310 0
-215 -236 -310 0
-216 -232 -310 0
-216 -233 -310 0
-216 -234 -310 0
-216 -235 -310 0
-207 -238 -311 0
-207 -239 -311 0
-207 -240 -311 0
-207 -241 -311 0
-208 -237 -311 0
-208 -239 -311 0
-208 -240 -311 0
-208 -241 -311 0
-209 -237 -311 0
-209 -238 -311 0
-209 -240 -311 0
-209 -241 -311 0
-210 -237 -311 0
-210 -238 -311 0
-210 -239 -311 0
-210 -241 -311 0
-211 -237 -311 0
-211 -238 -311 0
-211 -239 -311 0
-211 -240 -311 0
-212 -243 -312 0
-212 -244 -312 0
-212 -245 -312 0
-212 -246 -312 0
-213 -242 -312 0
-213 -244 -312 0
-213 -245 -312 0
-213 -246 -312 0
-214 -242 -312 0
-214 -243 -312 0
-214 -245 -312 0
-214 -246 -312 0
-215 -242 -312 0
-215 -243 -312 0
-215 -244 -312 0
-215 -246 -312 0
-216 -242 -312 0
-216 -243 -312 0
-216 -244 -312 0
-216 -245 -312 0
-207 -248 -313 0
-207 -249 -313 0
-207 -250 -313 0
-207 -251 -313 0
-208 -247 -313 0
-208 -249 -313 0
-208 -250 -313 0
-208 -251 -313 0
-209 -247 -313 0
-209 -248 -313 0
-209 -250 -313 0
-209 -251 -313 0
-210 -247 -313 0
-210 -248 -313 0
-210 -249 -313 0
-210 -251 -313 0
-211 -247 -313 0
-211 -248 -313 0
-211 -249 -313 0
-211 -250 -313 0
-212 -253 -314 0
-212 -254 -314 0
-212 -255 -314 0
-212 -256 -314 0
-213 -252 -314 0
-213 -254 -314 0
-213 -255 -314 0
-213 -256 -314 0
-214 -252 -314 0
-214 -253 -314 0
-214 -255 -314 0
-214 -256 -314 0
-215 -252 -314 0
-215 -253 -314 0
-215 -254 -314 0
-215 -256 -314 0
-216 -252 -314 0
-216 -253 -314 0
-216 -254 -314 0
-216 -255 -314 0
-207 -258 -315 0
-207 -259 -315 0
-207 -260 -315 0
-207 -261 -315 0
-208 -257 -315 0
-208 -259 -315 0
-208 -260 -315 0
-208 -261 -315 0
-209 -257 -315 0
-209 -258 -315 0
-209 -260 -315 0
-209 -261 -315 0
-210 -257 -315 0
-210 -258 -315 0
-210 -259 -315 0
-210 -261 -315 0
-211 -257 -315 0
-211 -258 -315 0
-211 -259 -315 0
-211 -260 -315 0
-212 -263 -316 0
-212 -264 -316 0
-212 -265 -316 0
-212 -266 -316 0
-213 -262 -316 0
-213 -264 -316 0
-213 -265 -316 0
-213 -266 -316 0
-214 -262 -316 0
-214 -263 -316 0
-214 -265 -316 0
-214 -266 -316 0
-215 -262 -316 0
-215 -263 -316 0
-215 -264 -316 0
-215 -266 -316 0
-216 -262 -316 0
-216 -263 -316 0
-216 -264 -316 0
-216 -265 -316 0
-207 -268 -317 0
-207 -269 -317 0
-207 -270 -317 0
-207 -271 -317 0
-208 -267 -317 0
-208 -269 -317 0
-208 -270 -317 0
-208 -271 -317 0
-209 -267 -317 0
-209 -268 -317 0
-209 -270 -317 0
-209 -271 -317 0
-210 -267 -317 0
-210 -268 -317 0
-210 -269 -317 0
-210 -271 -317 0
-211 -267 -317 0
-211 -268 -317 0
-211 -269 -317 0
-211 -270 -317 0
-212 -273 -318 0
-212 -274 -318 0
-212 -275 -318 0
-212 -276 -318 0
-213 -272 -318 0
-213 -274 -318 0
-213 -275 -318 0
-213 -276 -318 0
-214 -272 -318 0
-214 -273 -318 0
-214 -275 -318 0
-214 -276 -318 0
-215 -272 -318 0
-215 -273 -318 0
-215 -274 -318 0
-215 -276 -318 0
-216 -272 -318 0
-216 -273 -318 0
-216 -274 -318 0
-216 -275 -318 0
-207 -278 -319 0
-207 -279 -319 0
-207 -280 -319 0
-207 -281 -319 0
-208 -277 -319 0
-208 -279 -319 0
-208 -280 -319 0
-208 -281 -319 0
-209 -277 -319 0
-209 -278 -319 0
-209 -280 -319 0
-209 -281 -319 0
-210 -277 -319 0
-210 -278 -319 0
-210 -279 -319 0
-210 -281 -319 0
-211 -277 -319 0
-211 -278 -319 0
-211 -279 -319 0
-211 -280 -319 0
-212 -283 -320 0
-212 -284 -320 0
-212 -285 -320 0
-212 -286 -320 0
-213 -282 -320 0
-213 -284 -320 0
-213 -285 -320 0
-213 -286 -320 0
-214 -282 -320 0
-214 -283 -320 0
-214 -285 -320 0
-214 -286 -320 0
-215 -282 -320 0
-215 -283 -320 0
-215 -284 -320 0
-215 -286 -320 0
-216 -282 -320 0
-216 -283 -320 0
-216 -284 -320 0
-216 -285 -320 0
-207 -288 -321 0
-207 -289 -321 0
-207 -290 -321 0
-207 -291 -321 0
-208 -287 -321 0
-208 -289 -321 0
-208 -290 -321 0
-208 -291 -321 0
-209 -287 -321 0
-209 -288 -321 0
-209 -290 -321 0
-209 -291 -321 0
-210 -287 -321 0
-210 -288 -321 0
-210 -289 -321 0
-210 -291 -321 0
-211 -287 -321 0
-211 -288 -321 0
-211 -289 -321 0
-211 -290 -321 0
-212 -293 -322 0
-212 -294 -322 0
-212 -295 -322 0
-212 -296 -322 0
-213 -292 -322 0
-213 -294 -322 0
-213 -295 -322 0
-213 -296 -322 0
-214 -292 -322 0
-214 -293 -322 0
-214 -295 -322 0
-214 -296 -322 0
-215 -292 -322 0
-215 -293 -322 0
-215 -294 -322 0
-215 -296 -322 0
-216 -292 -322 0
-216 -293 -322 0
-216 -294 -322 0
-216 -295 -322 0
-207 -298 -323 0
-207 -299 -323 0
-207 -300 -323 0
-207 -301 -323 0
-208 -297 -323 0
-208 -299 -323 0
-208 -300 -323 0
-208 -301 -323 0
-209 -297 -323 0
-209 -298 -323 0
-209 -300 -323 0
-209 -301 -323 0
-210 -297 -323 0
-210 -298 -323 0
-210 -299 -323 0
-210 -301 -323 0
-211 -297 -323 0
-211 -298 -323 0
-211 -299 -323 0
-211 -300 -323 0
-212 -303 -324 0
-212 -304 -324 0
-212 -305 -324 0
-212 -306 -324 0
-213 -302 -324 0
-213 -304 -324 0
-213 -305 -324 0
-213 -306 -324 0
-214 -302 -324 0
-214 -303 -324 0
-214 -305 -324 0
-214 -306 -324 0
-215 -302 -324 0
-215 -303 -324 0
-215 -304 -324 0
-215 -306 -324 0
-216 -302 -324 0
-216 -303 -324 0
-216 -304 -324 0
-216 -305 -324 0
-217 -228 -325 0
-217 -229 -325 0
-217 -230 -325 0
-217 -231 -325 0
-218 -227 -325 0
-218 -229 -325 0
-218 -230 -325 0
-218 -231 -325 0
-219 -227 -325 0
-219 -228 -325 0
-219 -230 -325 0
-219 -231 -325 0
-220 -227 -325 0
-220 -228 -325 0
-220 -229 -325 0
-220 -231 -325 0
-221 -227 -325 0
-221 -228 -325 0
-221 -229 -325 0
-221 -230 -325 0
-222 -233 -326 0
-222 -234 -326 0
-222 -235 -326 0
-222 -236 -326 0
-223 -232 -326 0
-223 -234 -326 0
-223 -235 -326 0
-223 -236 -326 0
-224 -232 -326 0
-224 -233 -326 0
-224 -235 -326 0
-224 -236 -326 0
-225 -232 -326 0
-225 -233 -326 0
-225 -234 -326 0
-225 -236 -326 0
-226 -232 -326 0
-226 -233 -326 0
-226 -234 -326 0
-226 -235 -326 0
-217 -238 -327 0
-217 -239 -327 0
-217 -240 -327 0
-217 -241 -327 0
-218 -237 -327 0
-218 -239 -327 0
-218 -240 -327 0
-218 -241 -327 0
-219 -237 -327 0
-219 -238 -327 0
-219 -240 -327 0
-219 -241 -327 0
-220 -237 -327 0
-220 -238 -327 0
-220 -239 -327 0
-220 -241 -327 0
-221 -237 -327 0
-221 -238 -327 0
-221 -239 -327 0
-221 -240 -327 0
-222 -243 -328 0
-222 -244 -328 0
-222 -245 -328 0
-222 -246 -328 0
-223 -242 -328 0
-223 -244 -328 0
-223 -245 -328 0
-223 -246 -328 0
-224 -242 -328 0
-224 -243 -328 0
-224 -245 -328 0
-224 -246 -328 0
-225 -242 -328 0
-225 -243 -328 0
-225 -244 -328 0
-225 -246 -328 0
-226 -242 -328 0
-226 -243 -328 0
-226 -244 -328 0
-226 -245 -328 0
-217 -248 -329 0
-217 -249 -329 0
-217 -250 -329 0
-217 -251 -329 0
-218 -247 -329 0
-218 -249 -329 0
-218 -250 -329 0
-218 -251 -329 0
-219 -247 -329 0
-219 -248 -329 0
-219 -250 -329 0
-219 -251 -329 0
-220 -247 -329 0
-220 -248 -329 0
-220 -249 -329 0
-220 -251 -329 0
-221 -247 -329 0
-221 -248 -329 0
-221 -249 -329 0
-221 -250 -329 0
-222 -253 -330 0
-222 -254 -330 0
-222 -255 -330 0
-222 -256 -330 0
-223 -252 -330 0
-223 -254 -330 0
-223 -255 -330 0
-223 -256 -330 0
-224 -252 -330 0
-224 -253 -330 0
-224 -255 -330 0
-224 -256 -330 0
-225 -252 -330 0
-225 -253 -330 0
-225 -254 -330 0
-225 -256 -330 0
-226 -252 -330 0
-226 -253 -330 0
-226 -254 -330 0
-226 -255 -330 0
-217 -258 -331 0
-217 -259 -331 0
-217 -260 -331 0
-217 -261 -331 0
-218 -257 -331 0
-218 -259 -331 0
-218 -260 -331 0
-218 -261 -331 0
-219 -257 -331 0
-219 -258 -331 0
-219 -260 -331 0
-219 -261 -331 0
-220 -257 -331 0
-220 -258 -331 0
-220 -259 -331 0
-220 -261 -331 0
-221 -257 -331 0
-221 -258 -331 0
-221 -259 -331 0
-221 -260 -331 0
-222 -263 -332 0
-222 -264 -332 0
-222 -265 -332 0
-222 -266 -332 0
-223 -262 -332 0
-223 -264 -332 0
-223 -265 -332 0
-223 -266 -332 0
-224 -262 -332 0
-224 -263 -332 0
-224 -265 -332 0
-224 -266 -332 0
-225 -262 -332 0
-225 -263 -332 0
-225 -264 -332 0
-225 -266 -332 0
-226 -262 -332 0
-226 -263 -332 0
-226 -264 -332 0
-226 -265 -332 0
-217 -268 -333 0
-217 -269 -333 0
-217 -270 -333 0
-217 -271 -333 0
-218 -267 -333 0
-218 -269 -333 0
-218 -270 -333 0
-218 -271 -333 0
-219 -267 -333 0
-219 -268 -333 0
-219 -270 -333 0
-219 -271 -333 0
-220 -267 -333 0
-220 -268 -333 0
-220 -269 -333 0
-220 -271 -333 0
-221 -267 -333 0
-221 -268 -333 0
-221 -269 -333 0
-221 -270 -333 0
-222 -273 -334 0
-222 -274 -334 0
-222 -275 -334 0
-222 -276 -334 0
-223 -272 -334 0
-223 -274 -334 0
-223 -275 -334 0
-223 -276 -334 0
-224 -272 -334 0
-224 -273 -334 0
-224 -275 -334 0
-224 -276 -334 0
-225 -272 -334 0
-225 -273 -334 0
-225 -274 -334 0
-225 -276 -334 0
-226 -272 -334 0
-226 -273 -334 0
-226 -274 -334 0
-226 -275 -334 0
-217 -278 -335 0
-217 -279 -335 0
-217 -280 -335 0
-217 -281 -335 0
-218 -277 -335 0
-218 -279 -335 0
-218 -280 -335 0
-218 -281 -335 0
-219 -277 -335 0
-219 -278 -335 0
-219 -280 -335 0
-219 -281 -335 0
-220 -277 -335 0
-220 -278 -335 0
-220 -279 -335 0
-220 -281 -335 0
-221 -277 -335 0
-221 -278 -335 0
-221 -279 -335 0
-221 -280 -335 0
-222 -283 -336 0
-222 -284 -336 0
-222 -285 -336 0
-222 -286 -336 0
-223 -282 -336 0
-223 -284 -336 0
-223 -285 -336 0
-223 -286 -336 0
-224 -282 -336 0
-224 -283 -336 0
-224 -285 -336 0
-224 -286 -336 0
-225 -282 -336 0
-225 -283 -336 0
-225 -284 -336 0
-225 -286 -336 0
-226 -282 -336 0
-226 -283 -336 0
-226 -284 -336 0
-226 -285 -336 0
-217 -288 -337 0
-217 -289 -337 0
-217 -290 -337 0
-217 -291 -337 0
-218 -287 -337 0
-218 -289 -337 0
-218 -290 -337 0
-218 -291 -337 0
-219 -287 -337 0
-219 -288 -337 0
-219 -290 -337 0
-219 -291 -337 0
-220 -287 -337 0
-220 -288 -337 0
-220 -289 -337 0
-220 -291 -337 0
-221 -287 -337 0
-221 -288 -337 0
-221 -289 -337 0
-221 -290 -337 0
-222 -293 -338 0
-222 -294 -338 0
-222 -295 -338 0
-222 -296 -338 0
-223 -292 -338 0
-223 -294 -338 0
-223 -295 -338 0
-223 -296 -338 0
-224 -292 -338 0
-224 -293 -338 0
-224 -295 -338 0
-224 -296 -338 0
-225 -292 -338 0
-225 -293 -338 0
-225 -294 -338 0
-225 -296 -338 0
-226 -292 -338 0
-226 -293 -338 0
-226 -294 -338 0
-226 -295 -338 0
-217 -298 -339 0
-217 -299 -339 0
-217 -300 -339 0
-217 -301 -339 0
-218 -297 -339 0
-218 -299 -339 0
-218 -300 -339 0
-218 -301 -339 0
-219 -297 -339 0
-219 -298 -339 0
-219 -300 -339 0
-219 -301 -339 0
-220 -297 -339 0
-220 -298 -339 0
-220 -299 -339 0
-220 -301 -339 0
-221 -297 -339 0
-221 -298 -339 0
-221 -299 -339 0
-221 -300 -339 0
-222 -303 -340 0
-222 -304 -340 0
-222 -305 -340 0
-222 -306 -340 0
-223 -302 -340 0
-223 -304 -340 0
-223 -305 -340 0
-223 -306 -340 0
-224 -302 -340 0
-224 -303 -340 0
-224 -305 -340 0
-224 -306 -340 0
-225 -302 -340 0
-225 -303 -340 0
-225 -304 -340 0
-225 -306 -340 0
-226 -302 -340 0
-226 -303 -340 0
-226 -304 -340 0
-226 -305 -340 0
-227 -238 -341 0
-227 -239 -341 0
-227 -240 -341 0
-227 -241 -341 0
-228 -237 -341 0
-228 -239 -341 0
-228 -240 -341 0
-228 -241 -341 0
-229 -237 -341 0
-229 -238 -341 0
-229 -240 -341 0
-229 -241 -341 0
-230 -237 -341 0
-230 -238 -341 0
-230 -239 -341 0
-230 -241 -341 0
-231 -237 -341 0
-231 -238 -341 0
-231 -239 -341 0
-231 -240 -341 0
-232 -243 -342 0
-232 -244 -342 0
-232 -245 -342 0
-232 -246 -342 0
-233 -242 -342 0
-233 -244 -342 0
-233 -245 -342 0
-233 -246 -342 0
-234 -242 -342 0
-234 -243 -342 0
-234 -245 -342 0
-234 -246 -342 0
-235 -242 -342 0
-235 -243 -342 0
-235 -244 -342 0
-235 -246 -342 0
-236 -242 -342 0
-236 -243 -342 0
-236 -244 -342 0
-236 -245 -342 0
-227 -248 -343 0
-227 -249 -343 0
-227 -250 -343 0
-227 -251 -343 0
-228 -247 -343 0
-228 -249 -343 0
-228 -250 -343 0
-228 -251 -343 0
-229 -247 -343 0
-229 -248 -343 0
-229 -250 -343 0
-229 -251 -343 0
-230 -247 -343 0
-230 -248 -343 0
-230 -249 -343 0
-230 -251 -343 0
-231 -247 -343 0
-231 -248 -343 0
-231 -249 -343 0
-231 -250 -343 0
-232 -253 -344 0
-232 -254 -344 0
-232 -255 -344 0
-232 -256 -344 0
-233 -252 -344 0
-233 -254 -344 0
-233 -255 -344 0
-233 -256 -344 0
-234 -252 -344 0
-234 -253 -344 0
-234 -255 -344 0
-234 -256 -344 0
-235 -252 -344 0
-235 -253 -344 0
-235 -254 -344 0
-235 -256 -344 0
-236 -252 -344 0
-236 -253 -344 0
-236 -254 -344 0
-236 -255 -344 0
-227 -258 -345 0
-227 -259 -345 0
-227 -260 -345 0
-227 -261 -345 0
-228 -257 -345 0
-228 -259 -345 0
-228 -260 -345 0
-228 -261 -345 0
-229 -257 -345 0
-229 -258 -345 0
-229 -260 -345 0
-229 -261 -345 0
-230 -257 -345 0
-230 -258 -345 0
-230 -259 -345 0
-230 -261 -345 0
-231 -257 -345 0
-231 -258 -345 0
-231 -259 -345 0
-231 -260 -345 0
-232 -263 -346 0
-232 -264 -346 0
-232 -265 -346 0
-232 -266 -346 0
-233 -262 -346 0
-233 -264 -346 0
-233 -265 -346 0
-233 -266 -346 0
-234 -262 -346 0
-234 -263 -346 0
-234 -265 -346 0
-234 -266 -346 0
-235 -262 -346 0
-235 -263 -346 0
-235 -264 -346 0
-235 -266 -346 0
-236 -262 -346 0
-236 -263 -346 0
-236 -264 -346 0
-236 -265 -346 0
-227 -268 -347 0
-227 -269 -347 0
-227 -270 -347 0
-227 -271 -347 0
-228 -267 -347 0
-228 -269 -347 0
-228 -270 -347 0
-228 -271 -347 0
-229 -267 -347 0
-229 -268 -347 0
-229 -270 -347 0
-229 -271 -347 0
-230 -267 -347 0
-230 -268 -347 0
-230 -269 -347 0
-230 -271 -347 0
-231 -267 -347 0
-231 -268 -347 0
-231 -269 -347 0
-231 -270 -347 0
-232 -273 -348 0
-232 -274 -348 0
-232 -275 -348 0
-232 -276 -348 0
-233 -272 -348 0
-233 -274 -348 0
-233 -275 -348 0
-233 -276 -348 0
-234 -272 -348 0
-234 -273 -348 0
-234 -275 -348 0
-234 -276 -348 0
-235 -272 -348 0
-235 -273 -348 0
-235 -274 -348 0
-235 -276 -348 0
-236 -272 -348 0
-236 -273 -348 0
-236 -274 -348 0
-236 -275 -348 0
-227 -278 -349 0
-227 -279 -349 0
-227 -280 -349 0
-227 -281 -349 0
-228 -277 -349 0
-228 -279 -349 0
-228 -280 -349 0
-228 -281 -349 0
-229 -277 -349 0
-229 -278 -349 0
-229 -280 -349 0
-229 -281 -349 0
-230 -277 -349 0
-230 -278 -349 0
-230 -279 -349 0
-230 -281 -349 0
-231 -277 -349 0
-231 -278 -349 0
-231 -279 -349 0
-231 -280 -349 0
-232 -283 -350 0
-232 -284 -350 0
-232 -285 -350 0
-232 -286 -350 0
-233 -282 -350 0
-233 -284 -350 0
-233 -285 -350 0
-233 -286 -350 0
-234 -282 -350 0
-234 -283 -350 0
-234 -285 -350 0
-234 -286 -350 0
-235 -282 -350 0
-235 -283 -350 0
-235 -284 -350 0
-235 -286 -350 0
-236 -282 -350 0
-236 -283 -350 0
-236 -284 -350 0
-236 -285 -350 0
-227 -288 -351 0
-227 -289 -351 0
-227 -290 -351 0
-227 -291 -351 0
-228 -287 -351 0
-228 -289 -351 0
-228 -290 -351 0
-228 -291 -351 0
-229 -287 -351 0
-229 -288 -351 0
-229 -290 -351 0
-229 -291 -351 0
-230 -287 -351 0
-230 -288 -351 0
-230 -289 -351 0
-230 -291 -351 0
-231 -287 -351 0
-231 -288 -351 0
-231 -289 -351 0
-231 -290 -351 0
-232 -293 -352 0
-232 -294 -352 0
-232 -295 -352 0
-232 -296 -352 0
-233 -292 -352 0
-233 -294 -352 0
-233 -295 -352 0
-233 -296 -352 0
-234 -292 -352 0
-234 -293 -352 0
-234 -295 -352 0
-234 -296 -352 0
-235 -292 -352 0
-235 -293 -352 0
-235 -294 -352 0
-235 -296 -352 0
-236 -292 -352 0
-236 -293 -352 0
-236 -294 -352 0
-236 -295 -352 0
-227 -298 -353 0
-227 -299 -353 0
-227 -300 -353 0
-227 -301 -353 0
-228 -297 -353 0
-228 -299 -353 0
-228 -300 -353 0
-228 -301 -353 0
-229 -297 -353 0
-229 -298 -353 0
-229 -300 -353 0
-229 -301 -353 0
-230 -297 -353 0
-230 -298 -353 0
-230 -299 -353 0
-230 -301 -353 0
-231 -297 -353 0
-231 -298 -353 0
-231 -299 -353 0
-231 -300 -353 0
-232 -303 -354 0
-232 -304 -354 0
-232 -305 -354 0
-232 -306 -354 0
-233 -302 -354 0
-233 -304 -354 0
-233 -305 -354 0
-233 -306 -354 0
-234 -302 -354 0
-234 -303 -354 0
-234 -305 -354 0
-234 -306 -354 0
-235 -302 -354 0
-235 -303 -354 0
-235 -304 -354 0
-235 -306 -354 0
-236 -302 -354 0
-236 -303 -354 0
-236 -304 -354 0
-236 -305 -354 0
-237 -248 -355 0
-237 -249 -355 0
-237 -250 -355 0
-237 -251 -355 0
-238 -247 -355 0
-238 -249 -355 0
-238 -250 -355 0
-238 -251 -355 0
-239 -247 -355 0
-239 -248 -355 0
-239 -250 -355 0
-239 -251 -355 0
-240 -247 -355 0
-240 -248 -355 0
-240 -249 -355 0
-240 -251 -355 0
-241 -247 -355 0
-241 -248 -355 0
-241 -249 -355 0
-241 -250 -355 0
-242 -253 -356 0
-242 -254 -356 0
-242 -255 -356 0
-242 -256 -356 0
-243 -252 -356 0
-243 -254 -356 0
-243 -255 -356 0
-243 -256 -356 0
-244 -252 -356 0
-244 -253 -356 0
-244 -255 -356 0
-244 -256 -356 0
-245 -252 -356 0
-245 -253 -356 0
-245 -254 -356 0
-245 -256 -356 0
-246 -252 -356 0
-246 -253 -356 0
-246 -254 -356 0
-246 -255 -356 0
-237 -258 -357 0
-237 -259 -357 0
-237 -260 -357 0
-237 -261 -357 0
-238 -257 -357 0
-238 -259 -357 0
-238 -260 -357 0
-238 -261 -357 0
-239 -257 -357 0
-239 -258 -357 0
-239 -260 -357 0
-239 -261 -357 0
-240 -257 -357 0
-240 -258 -357 0
-240 -259 -357 0
-240 -261 -357 0
-241 -257 -357 0
-241 -258 -357 0
-241 -259 -357 0
-241 -260 -357 0
-242 -263 -358 0
-242 -264 -358 0
-242 -265 -358 0
-242 -266 -358 0
-243 -262 -358 0
-243 -264 -358 0
-243 -265 -358 0
-243 -266 -358 0
-244 -262 -358 0
-244 -263 -358 0
-244 -265 -358 0
-244 -266 -358 0
-245 -262 -358 0
-245 -263 -358 0
-245 -264 -358 0
-245 -266 -358 0
-246 -262 -358 0
-246 -263 -358 0
-246 -264 -358 0
-246 -265 -358 0
-237 -268 -359 0
-237 -269 -359 0
-237 -270 -359 0
-237 -271 -359 0
-238 -267 -359 0
-238 -269 -359 0
-238 -270 -359 0
-238 -271 -359 0
-239 -267 -359 0
-239 -268 -359 0
-239 -270 -359 0
-239 -271 -359 0
-240 -267 -359 0
-240 -268 -359 0
-240 -269 -359 0
-240 -271 -359 0
-241 -267 -359 0
-241 -268 -359 0
-241 -269 -359 0
-241 -270 -359 0
-242 -273 -360 0
-242 -274 -360 0
-242 -275 -360 0
-242 -276 -360 0
-243 -272 -360 0
-243 -274 -360 0
-243 -275 -360 0
-243 -276 -360 0
-244 -272 -360 0
-244 -273 -360 0
-244 -275 -360 0
-244 -276 -360 0
-245 -272 -360 0
-245 -273 -360 0
-245 -274 -360 0
-245 -276 -360 0
-246 -272 -360 0
-246 -273 -360 0
-246 -274 -360 0
-246 -275 -360 0
-237 -278 -361 0
-237 -279 -361 0
-237 -280 -361 0
-237 -281 -361 0
-238 -277 -361 0
-238 -279 -361 0
-238 -280 -361 0
-238 -281 -361 0
-239 -277 -361 0
-239 -278 -361 0
-239 -280 -361 0
-239 -281 -361 0
-240 -277 -361 0
-240 -278 -361 0
-240 -279 -361 0
-240 -281 -361 0
-241 -277 -361 0
-241 -278 -361 0
-241 -279 -361 0
-241 -280 -361 0
-242 -283 -362 0
-242 -284 -362 0
-242 -285 -362 0
-242 -286 -362 0
-243 -282 -362 0
-243 -284 -362 0
-243 -285 -362 0
-243 -286 -362 0
-244 -282 -362 0
-244 -283 -362 0
-244 -285 -362 0
-244 -286 -362 0
-245 -282 -362 0
-245 -283 -362 0
-245 -284 -362 0
-245 -286 -362 0
-246 -282 -362 0
-246 -283 -362 0
-246 -284 -362 0
-246 -285 -362 0
-237 -288 -363 0
-237 -289 -363 0
-237 -290 -363 0
-237 -291 -363 0
-238 -287 -363 0
-238 -289 -363 0
-238 -290 -363 0
-238 -291 -363 0
-239 -287 -363 0
-239 -288 -363 0
-239 -290 -363 0
-239 -291 -363 0
-240 -287 -363 0
-240 -288 -363 0
-240 -289 -363 0
-240 -291 -363 0
-241 -287 -363 0
-241 -288 -363 0
-241 -289 -363 0
-241 -290 -363 0
-242 -293 -364 0
-242 -294 -364 0
-242 -295 -364 0
-242 -296 -364 0
-243 -292 -364 0
-243 -294 -364 0
-243 -295 -364 0
-243 -296 -364 0
-244 -292 -364 0
-244 -293 -364 0
-244 -295 -364 0
-244 -296 -364 0
-245 -292 -364 0
-245 -293 -364 0
-245 -294 -364 0
-245 -296 -364 0
-246 -292 -364 0
-246 -293 -364 0
-246 -294 -364 0
-246 -295 -364 0
-237 -298 -365 0
-237 -299 -365 0
-237 -300 -365 0
-237 -301 -365 0
-238 -297 -365 0
-238 -299 -365 0
-238 -300 -365 0
-238 -301 -365 0
-239 -297 -365 0
-239 -298 -365 0
-239 -300 -365 0
-239 -301 -365 0
-240 -297 -365 0
-240 -298 -365 0
-240 -299 -365 0
-240 -301 -365 0
-241 -297 -365 0
-241 -298 -365 0
-241 -299 -365 0
-241 -300 -365 0
-242 -303 -366 0
-242 -304 -366 0
-242 -305 -366 0
-242 -306 -366 0
-243 -302 -366 0
-243 -304 -366 0
-243 -305 -366 0
-243 -306 -366 0
-244 -302 -366 0
-244 -303 -366 0
-244 -305 -366 0
-244 -306 -366 0
-245 -302 -366 0
-245 -303 -366 0
-245 -304 -366 0
-245 -306 -366 0
-246 -302 -366 0
-246 -303 -366 0
-246 -304 -366 0
-246 -305 -366 0
-247 -258 -367 0
-247 -259 -367 0
-247 -260 -367 0
-247 -261 -367 0
-248 -257 -367 0
-248 -259 -367 0
-248 -260 -367 0
-248 -261 -367 0
-249 -257 -367 0
-249 -258 -367 0
-249 -260 -367 0
-249 -261 -367 0
-250 -257 -367 0
-250 -258 -367 0
-250 -259 -367 0
-250 -261 -367 0
-251 -257 -367 0
-251 -258 -367 0
-251 -259 -367 0
-251 -260 -367 0
-252 -263 -368 0
-252 -264 -368 0
-252 -265 -368 0
-252 -266 -368 0
-253 -262 -368 0
-253 -264 -368 0
-253 -265 -368 0
-253 -266 -368 0
-254 -262 -368 0
-254 -263 -368 0
-254 -265 -368 0
-254 -266 -368 0
-255 -262 -368 0
-255 -263 -368 0
-255 -264 -368 0
-255 -266 -368 0
-256 -262 -368 0
-256 -263 -368 0
-256 -264 -368 0
-256 -265 -368 0
-247 -268 -369 0
-247 -269 -369 0
-247 -270 -369 0
-247 -271 -369 0
-248 -267 -369 0
-248 -269 -369 0
-248 -270 -369 0
-248 -271 -369 0
-249 -267 -369 0
-249 -268 -369 0
-249 -270 -369 0
-249 -271 -369 0
-250 -267 -369 0
-250 -268 -369 0
-250 -269 -369 0
-250 -271 -369 0
-251 -267 -369 0
-251 -268 -369 0
-251 -269 -369 0
-251 -270 -369 0
-252 -273 -370 0
-252 -274 -370 0
-252 -275 -370 0
-252 -276 -370 0
-253 -272 -370 0
-253 -274 -370 0
-253 -275 -370 0
-253 -276 -370 0
-254 -272 -370 0
-254 -273 -370 0
-254 -275 -370 0
-254 -276 -370 0
-255 -272 -370 0
-255 -273 -370 0
-255 -274 -370 0
-255 -276 -370 0
-256 -272 -370 0
-256 -273 -370 0
-256 -274 -370 0
-256 -275 -370 0
-247 -278 -371 0
-247 -279 -371 0
-247 -280 -371 0
-247 -281 -371 0
-248 -277 -371 0
-248 -279 -371 0
-248 -280 -371 0
-248 -281 -371 0
-249 -277 -371 0
-249 -278 -371 0
-249 -280 -371 0
-249 -281 -371 0
-250 -277 -371 0
-250 -278 -371 0
-250 -279 -371 0
-250 -281 -371 0
-251 -277 -371 0
-251 -278 -371 0
-251 -279 -371 0
-251 -280 -371 0
-252 -283 -372 0
-252 -284 -372 0
-252 -285 -372 0
-252 -286 -372 0
-253 -282 -372 0
-253 -284 -372 0
-253 -285 -372 0
-253 -286 -372 0
-254 -282 -372 0
-254 -283 -372 0
-254 -285 -372 0
-254 -286 -372 0
-255 -282 -372 0
-255 -283 -372 0
-255 -284 -372 0
-255 -286 -372 0
-256 -282 -372 0
-256 -283 -372 0
-256 -284 -372 0
-256 -285 -372 0
-247 -288 -373 0
-247 -289 -373 0
-247 -290 -373 0
-247 -291 -373 0
-248 -287 -373 0
-248 -289 -373 0
-248 -290 -373 0
-248 -291 -373 0
-249 -287 -373 0
-249 -288 -373 0
-249 -290 -373 0
-249 -291 -373 0
-250 -287 -373 0
-250 -288 -373 0
-250 -289 -373 0
-250 -291 -373 0
-251 -287 -373 0
-251 -288 -373 0
-251 -289 -373 0
-251 -290 -373 0
-252 -293 -374 0
-252 -294 -374 0
-252 -295 -374 0
-252 -296 -374 0
-253 -292 -374 0
-253 -294 -374 0
-253 -295 -374 0
-253 -296 -374 0
-254 -292 -374 0
-254 -293 -374 0
-254 -295 -374 0
-254 -296 -374 0
-255 -292 -374 0
-255 -293 -374 0
-255 -294 -374 0
-255 -296 -374 0
-256 -292 -374 0
-256 -293 -374 0
-256 -294 -374 0
-256 -295 -374 0
-247 -298 -375 0
-247 -299 -375 0
-247 -300 -375 0
-247 -301 -375 0
-248 -297 -375 0
-248 -299 -375 0
-248 -300 -375 0
-248 -301 -375 0
-249 -297 -375 0
-249 -298 -375 0
-249 -300 -375 0
-249 -301 -375 0
-250 -297 -375 0
-250 -298 -375 0
-250 -299 -375 0
-250 -301 -375 0
-251 -297 -375 0
-251 -298 -375 0
-251 -299 -375 0
-251 -300 -375 0
-252 -303 -376 0
-252 -304 -376 0
-252 -305 -376 0
-252 -306 -376 0
-253 -302 -376 0
-253 -304 -376 0
-253 -305 -376 0
-253 -306 -376 0
-254 -302 -376 0
-254 -303 -376 0
-254 -305 -376 0
-254 -306 -376 0
-255 -302 -376 0
-255 -303 -376 0
-255 -304 -376 0
-255 -306 -376 0
-256 -302 -376 0
-256 -303 -376 0
-256 -304 -376 0
-256 -305 -376 0
-257 -268 -377 0
-257 -269 -377 0
-257 -270 -377 0
-257 -271 -377 0
-258 -267 -377 0
-258 -269 -377 0
-258 -270 -377 0
-258 -271 -377 0
-259 -267 -377 0
-259 -268 -377 0
-259 -270 -377 0
-259 -271 -377 0
-260 -267 -377 0
-260 -268 -377 0
-260 -269 -377 0
-260 -271 -377 0
-261 -267 -377 0
-261 -268 -377 0
-261 -269 -377 0
-261 -270 -377 0
-262 -273 -378 0
-262 -274 -378 0
-262 -275 -378 0
-262 -276 -378 0
-263 -272 -378 0
-263 -274 -378 0
-263 -275 -378 0
-263 -276 -378 0
-264 -272 -378 0
-264 -273 -378 0
-264 -275 -378 0
-264 -276 -378 0
-265 -272 -378 0
-265 -273 -378 0
-265 -274 -378 0
-265 -276 -378 0
-266 -272 -378 0
-266 -273 -378 0
-266 -274 -378 0
-266 -275 -378 0
-257 -278 -379 0
-257 -279 -379 0
-257 -280 -379 0
-257 -281 -379 0
-258 -277 -379 0
-258 -279 -379 0
-258 -280 -379 0
-258 -281 -379 0
-259 -277 -379 0
-259 -278 -379 0
-259 -280 -379 0
-259 -281 -379 0
-260 -277 -379 0
-260 -278 -379 0
-260 -279 -379 0
-260 -281 -379 0
-261 -277 -379 0
-261 -278 -379 0
-261 -279 -379 0
-261 -280 -379 0
-262 -283 -380 0
-262 -284 -380 0
-262 -285 -380 0
-262 -286 -380 0
-263 -282 -380 0
-263 -284 -380 0
-263 -285 -380 0
-263 -286 -380 0
-264 -282 -380 0
-264 -283 -380 0
-264 -285 -380 0
-264 -286 -380 0
-265 -282 -380 0
-265 -283 -380 0
-265 -284 -380 0
-265 -286 -380 0
-266 -282 -380 0
-266 -283 -380 0
-266 -284 -380 0
-266 -285 -380 0
-257 -288 -381 0
-257 -289 -381 0
-257 -290 -381 0
-257 -291 -381 0
-258 -287 -381 0
-258 -289 -381 0
-258 -290 -381 0
-258 -291 -381 0
-259 -287 -381 0
-259 -288 -381 0
-259 -290 -381 0
-259 -291 -381 0
-260 -287 -381 0
-260 -288 -381 0
-260 -289 -381 0
-260 -291 -381 0
-261 -287 -381 0
-261 -288 -381 0
-261 -289 -381 0
-261 -290 -381 0
-262 -293 -382 0
-262 -294 -382 0
-262 -295 -382 0
-262 -296 -382 0
-263 -292 -382 0
-263 -294 -382 0
-263 -295 -382 0
-263 -296 -382 0
-264 -292 -382 0
-264 -293 -382 0
-264 -295 -382 0
-264 -296 -382 0
-265 -292 -382 0
-265 -293 -382 0
-265 -294 -382 0
-265 -296 -382 0
-266 -292 -382 0
-266 -293 -382 0
-266 -294 -382 0
-266 -295 -382 0
-257 -298 -383 0
-257 -299 -383 0
-257 -300 -383 0
-257 -301 -383 0
-258 -297 -383 0
-258 -299 -383 0
-258 -300 -383 0
-258 -301 -383 0
-259 -297 -383 0
-259 -298 -383 0
-259 -300 -383 0
-259 -301 -383 0
-260 -297 -383 0
-260 -298 -383 0
-260 -299 -383 0
-260 -301 -383 0
-261 -297 -383 0
-261 -298 -383 0
-261 -299 -383 0
-261 -300 -383 0
-262 -303 -384 0
-262 -304 -384 0
-262 -305 -384 0
-262 -306 -384 0
-263 -302 -384 0
-263 -304 -384 0
-263 -305 -384 0
-263 -306 -384 0
-264 -302 -384 0
-264 -303 -384 0
-264 -305 -384 0
-264 -306 -384 0
-265 -302 -384 0
-265 -303 -384 0
-265 -304 -384 0
-265 -306 -384 0
-266 -302 -384 0
-266 -303 -384 0
-266 -304 -384 0
-266 -305 -384 0
-267 -278 -385 0
-267 -279 -385 0
-267 -280 -385 0
-267 -281 -385 0
-268 -277 -385 0
-268 -279 -385 0
-268 -280 -385 0
-268 -281 -385 0
-269 -277 -385 0
-269 -278 -385 0
-269 -280 -385 0
-269 -281 -385 0
-270 -277 -385 0
-270 -278 -385 0
-270 -279 -385 0
-270 -281 -385 0
-271 -277 -385 0
-271 -278 -385 0
-271 -279 -385 0
-271 -280 -385 0
-272 -283 -386 0
-272 -284 -386 0
-272 -285 -386 0
-272 -286 -386 0
-273 -282 -386 0
-273 -284 -386 0
-273 -285 -386 0
-273 -286 -386 0
-274 -282 -386 0
-274 -283 -386 0
-274 -285 -386 0
-274 -286 -386 0
-275 -282 -386 0
-275 -283 -386 0
-275 -284 -386 0
-275 -286 -386 0
-276 -282 -386 0
-276 -283 -386 0
-276 -284 -386 0
-276 -285 -386 0
-267 -288 -387 0
-267 -289 -387 0
-267 -290 -387 0
-267 -291 -387 0
-268 -287 -387 0
-268 -289 -387 0
-268 -290 -387 0
-268 -291 -387 0
-269 -287 -387 0
-269 -288 -387 0
-269 -290 -387 0
-269 -291 -387 0
-270 -287 -387 0
-270 -288 -387 0
-270 -289 -387 0
-270 -291 -387 0
-271 -287 -387 0
-271 -288 -387 0
-271 -289 -387 0
-271 -290 -387 0
-272 -293 -388 0
-272 -294 -388 0
-272 -295 -388 0
-272 -296 -388 0
-273 -292 -388 0
-273 -294 -388 0
-273 -295 -388 0
-273 -296 -388 0
-274 -292 -388 0
-274 -293 -388 0
-274 -295 -388 0
-274 -296 -388 0
-275 -292 -388 0
-275 -293 -388 0
-275 -294 -388 0
-275 -296 -388 0
-276 -292 -388 0
-276 -293 -388 0
-276 -294 -388 0
-276 -295 -388 0
-267 -298 -389 0
-267 -299 -389 0
-267 -300 -389 0
-267 -301 -389 0
-268 -297 -389 0
-268 -299 -389 0
-268 -300 -389 0
-268 -301 -389 0
-269 -297 -389 0
-269 -298 -389 0
-269 -300 -389 0
-269 -301 -389 0
-270 -297 -389 0
-270 -298 -389 0
-270 -299 -389 0
-270 -301 -389 0
-271 -297 -389 0
-271 -298 -389 0
-271 -299 -389 0
-271 -300 -389 0
-272 -303 -390 0
-272 -304 -390 0
-272 -305 -390 0
-272 -306 -390 0
-273 -302 -390 0
-273 -304 -390 0
-273 -305 -390 0
-273 -306 -390 0
-274 -302 -390 0
-274 -303 -390 0
-274 -305 -390 0
-274 -306 -390 0
-275 -302 -390 0
-275 -303 -390 0
-275 -304 -390 0
-275 -306 -390 0
-276 -302 -390 0
-276 -303 -390 0
-276 -304 -390 0
-276 -305 -390 0
-277 -288 -391 0
-277 -289 -391 0
-277 -290 -391 0
-277 -291 -391 0
-278 -287 -391 0
-278 -289 -391 0
-278 -290 -391 0
-278 -291 -391 0
-279 -287 -391 0
-279 -288 -391 0
-279 -290 -391 0
-279 -291 -391 0
-280 -287 -391 0
-280 -288 -391 0
-280 -289 -391 0
-280 -291 -391 0
-281 -287 -391 0
-281 -288 -391 0
-281 -289 -391 0
-281 -290 -391 0
-282 -293 -392 0
-282 -294 -392 0
-282 -295 -392 0
-282 -296 -392 0
-283 -292 -392 0
-283 -294 -392 0
-283 -295 -392 0
-283 -296 -392 0
-284 -292 -392 0
-284 -293 -392 0
-284 -295 -392 0
-284 -296 -392 0
-285 -292 -392 0
-285 -293 -392 0
-285 -294 -392 0
-285 -296 -392 0
-286 -292 -392 0
-286 -293 -392 0
-286 -294 -392 0
-286 -295 -392 0
-277 -298 -393 0
-277 -299 -393 0
-277 -300 -393 0
-277 -301 -393 0
-278 -297 -393 0
-278 -299 -393 0
-278 -300 -393 0
-278 -301 -393 0
-279 -297 -393 0
-279 -298 -393 0
-279 -300 -393 0
-279 -301 -393 0
-280 -297 -393 0
-280 -298 -393 0
-280 -299 -393 0
-280 -301 -393 0
-281 -297 -393 0
-281 -298 -393 0
-281 -299 -393 0
-281 -300 -393 0
-282 -303 -394 0
-282 -304 -394 0
-282 -305 -394 0
-282 -306 -394 0
-283 -302 -394 0
-283 -304 -394 0
-283 -305 -394 0
-283 -306 -394 0
-284 -302 -394 0
-284 -303 -394 0
-284 -305 -394 0
-284 -306 -394 0
-285 -302 -394 0
-285 -303 -394 0
-285 -304 -394 0
-285 -306 -394 0
-286 -302 -394 0
-286 -303 -394 0
-286 -304 -394 0
-286 -305 -394 0
-287 -298 -395 0
-287 -299 -395 0
-287 -300 -395 0
-287 -301 -395 0
-288 -297 -395 0
-288 -299 -395 0
-288 -300 -395 0
-288 -301 -395 0
-289 -297 -395 0
-289 -298 -395 0
-289 -300 -395 0
-289 -301 -395 0
-290 -297 -395 0
-290 -298 -395 0
-290 -299 -395 0
-290 -301 -395 0
-291 -297 -395 0
-291 -298 -395 0
-291 -299 -395 0
-291 -300 -395 0
-292 -303 -396 0
-292 -304 -396 0
-292 -305 -396 0
-292 -306 -396 0
-293 -302 -396 0
-293 -304 -396 0
-293 -305 -396 0
-293 -306 -396 0
-294 -302 -396 0
-294 -303 -396 0
-294 -305 -396 0
-294 -306 -396 0
-295 -302 -396 0
-295 -303 -396 0
-295 -304 -396 0
-295 -306 -396 0
-296 -302 -396 0
-296 -303 -396 0
-296 -304 -396 0
-296 -305 -396 0
-307 -308 0
-309 -310 0
-311 -312 0
-313 -314 0
-315 -316 0
-317 -318 0
-319 -320 0
-321 -322 0
-323 -324 0
-325 -326 0
-327 -328 0
-329 -330 0
-331 -332 0
-333 -334 0
-335 -336 0
-337 -338 0
-339 -340 0
-341 -342 0
-343 -344 0
-345 -346 0
-347 -348 0
-349 -350 0
-351 -352 0
-353 -354 0
-355 -356 0
-357 -358 0
-359 -360 0
-361 -362 0
-363 -364 0
-365 -366 0
-367 -368 0
-369 -370 0
-371 -372 0
-373 -374 0
-375 -376 0
-377 -378 0
-379 -380 0
-381 -382 0
-383 -384 0
-385 -386 0
-387 -388 0
-389 -390 0
-391 -392 0
-393 -394 0
-395 -396 0
